0.000000000000000000e+00,0.000000000000000000e+00,0.000000000000000000e+00,3.000000000000000000e+00,1.200000000000000000e+01,3.368000000000000000e+03,3.626600000000000000e+04,7.295300000000000000e+04,8.027600000000000000e+04,8.166500000000000000e+04,8.191200000000000000e+04,8.192700000000000000e+04,8.192900000000000000e+04,8.192900000000000000e+04,8.192900000000000000e+04,8.192900000000000000e+04,8.192900000000000000e+04,8.192900000000000000e+04,8.192900000000000000e+04,8.192900000000000000e+04,8.192900000000000000e+04,8.192900000000000000e+04,8.192900000000000000e+04,8.192900000000000000e+04,8.192900000000000000e+04,8.192900000000000000e+04,8.192900000000000000e+04,8.192900000000000000e+04,8.192900000000000000e+04,8.192900000000000000e+04,8.192900000000000000e+04,8.192900000000000000e+04,8.192900000000000000e+04,8.192900000000000000e+04,8.192900000000000000e+04,8.192900000000000000e+04,8.192900000000000000e+04,8.192900000000000000e+04,8.192900000000000000e+04,8.192900000000000000e+04,8.192900000000000000e+04,8.192900000000000000e+04,8.192900000000000000e+04,8.192900000000000000e+04,8.192900000000000000e+04,8.192900000000000000e+04,8.192900000000000000e+04,8.192900000000000000e+04,8.192900000000000000e+04,8.192900000000000000e+04,8.192900000000000000e+04,8.192900000000000000e+04,8.192900000000000000e+04,8.192900000000000000e+04,8.192900000000000000e+04,8.192900000000000000e+04,8.192900000000000000e+04,8.192900000000000000e+04,8.192900000000000000e+04,8.192900000000000000e+04,8.192900000000000000e+04,8.192900000000000000e+04,8.192900000000000000e+04,8.192900000000000000e+04,8.192900000000000000e+04,8.192900000000000000e+04,8.192900000000000000e+04,8.192900000000000000e+04,8.192900000000000000e+04,8.192900000000000000e+04,8.192900000000000000e+04,8.192900000000000000e+04,8.192900000000000000e+04,8.192900000000000000e+04,8.192900000000000000e+04,8.192900000000000000e+04,8.192900000000000000e+04,8.192900000000000000e+04,8.192900000000000000e+04,8.192900000000000000e+04,8.192900000000000000e+04,8.192900000000000000e+04,8.192900000000000000e+04,8.192900000000000000e+04,8.192900000000000000e+04,8.192900000000000000e+04,8.192900000000000000e+04,8.192900000000000000e+04,8.192900000000000000e+04,8.192900000000000000e+04,8.192900000000000000e+04,8.192900000000000000e+04,8.192900000000000000e+04,8.192900000000000000e+04,8.192900000000000000e+04,8.192900000000000000e+04,8.192900000000000000e+04,8.192900000000000000e+04,8.192900000000000000e+04,8.192900000000000000e+04,8.192900000000000000e+04
0.000000000000000000e+00,0.000000000000000000e+00,0.000000000000000000e+00,3.000000000000000000e+00,4.200000000000000000e+01,4.901000000000000000e+03,4.780800000000000000e+04,7.558800000000000000e+04,8.077500000000000000e+04,8.175000000000000000e+04,8.188500000000000000e+04,8.190700000000000000e+04,8.191000000000000000e+04,8.191000000000000000e+04,8.191000000000000000e+04,8.191000000000000000e+04,8.191000000000000000e+04,8.191000000000000000e+04,8.191000000000000000e+04,8.191000000000000000e+04,8.191000000000000000e+04,8.191000000000000000e+04,8.191000000000000000e+04,8.191000000000000000e+04,8.191000000000000000e+04,8.191000000000000000e+04,8.191000000000000000e+04,8.191000000000000000e+04,8.191000000000000000e+04,8.191000000000000000e+04,8.191000000000000000e+04,8.191000000000000000e+04,8.191000000000000000e+04,8.191000000000000000e+04,8.191000000000000000e+04,8.191000000000000000e+04,8.191000000000000000e+04,8.191000000000000000e+04,8.191000000000000000e+04,8.191000000000000000e+04,8.191000000000000000e+04,8.191000000000000000e+04,8.191000000000000000e+04,8.191000000000000000e+04,8.191000000000000000e+04,8.191000000000000000e+04,8.191000000000000000e+04,8.191000000000000000e+04,8.191000000000000000e+04,8.191000000000000000e+04,8.191000000000000000e+04,8.191000000000000000e+04,8.191000000000000000e+04,8.191000000000000000e+04,8.191000000000000000e+04,8.191000000000000000e+04,8.191000000000000000e+04,8.191000000000000000e+04,8.191000000000000000e+04,8.191000000000000000e+04,8.191000000000000000e+04,8.191000000000000000e+04,8.191000000000000000e+04,8.191000000000000000e+04,8.191000000000000000e+04,8.191000000000000000e+04,8.191000000000000000e+04,8.191000000000000000e+04,8.191000000000000000e+04,8.191000000000000000e+04,8.191000000000000000e+04,8.191000000000000000e+04,8.191000000000000000e+04,8.191000000000000000e+04,8.191000000000000000e+04,8.191000000000000000e+04,8.191000000000000000e+04,8.191000000000000000e+04,8.191000000000000000e+04,8.191000000000000000e+04,8.191000000000000000e+04,8.191000000000000000e+04,8.191000000000000000e+04,8.191000000000000000e+04,8.191000000000000000e+04,8.191000000000000000e+04,8.191000000000000000e+04,8.191000000000000000e+04,8.191000000000000000e+04,8.191000000000000000e+04,8.191000000000000000e+04,8.191000000000000000e+04,8.191000000000000000e+04,8.191000000000000000e+04,8.191000000000000000e+04,8.191000000000000000e+04,8.191000000000000000e+04,8.191000000000000000e+04,8.191000000000000000e+04,8.191000000000000000e+04,8.191000000000000000e+04
0.000000000000000000e+00,0.000000000000000000e+00,0.000000000000000000e+00,3.000000000000000000e+00,1.400000000000000000e+01,6.380000000000000000e+02,2.023400000000000000e+04,6.793200000000000000e+04,7.928200000000000000e+04,8.148400000000000000e+04,8.185500000000000000e+04,8.191900000000000000e+04,8.192400000000000000e+04,8.192500000000000000e+04,8.192500000000000000e+04,8.192500000000000000e+04,8.192500000000000000e+04,8.192500000000000000e+04,8.192500000000000000e+04,8.192500000000000000e+04,8.192500000000000000e+04,8.192500000000000000e+04,8.192500000000000000e+04,8.192500000000000000e+04,8.192500000000000000e+04,8.192500000000000000e+04,8.192500000000000000e+04,8.192500000000000000e+04,8.192500000000000000e+04,8.192500000000000000e+04,8.192500000000000000e+04,8.192500000000000000e+04,8.192500000000000000e+04,8.192500000000000000e+04,8.192500000000000000e+04,8.192500000000000000e+04,8.192500000000000000e+04,8.192500000000000000e+04,8.192500000000000000e+04,8.192500000000000000e+04,8.192500000000000000e+04,8.192500000000000000e+04,8.192500000000000000e+04,8.192500000000000000e+04,8.192500000000000000e+04,8.192500000000000000e+04,8.192500000000000000e+04,8.192500000000000000e+04,8.192500000000000000e+04,8.192500000000000000e+04,8.192500000000000000e+04,8.192500000000000000e+04,8.192500000000000000e+04,8.192500000000000000e+04,8.192500000000000000e+04,8.192500000000000000e+04,8.192500000000000000e+04,8.192500000000000000e+04,8.192500000000000000e+04,8.192500000000000000e+04,8.192500000000000000e+04,8.192500000000000000e+04,8.192500000000000000e+04,8.192500000000000000e+04,8.192500000000000000e+04,8.192500000000000000e+04,8.192500000000000000e+04,8.192500000000000000e+04,8.192500000000000000e+04,8.192500000000000000e+04,8.192500000000000000e+04,8.192500000000000000e+04,8.192500000000000000e+04,8.192500000000000000e+04,8.192500000000000000e+04,8.192500000000000000e+04,8.192500000000000000e+04,8.192500000000000000e+04,8.192500000000000000e+04,8.192500000000000000e+04,8.192500000000000000e+04,8.192500000000000000e+04,8.192500000000000000e+04,8.192500000000000000e+04,8.192500000000000000e+04,8.192500000000000000e+04,8.192500000000000000e+04,8.192500000000000000e+04,8.192500000000000000e+04,8.192500000000000000e+04,8.192500000000000000e+04,8.192500000000000000e+04,8.192500000000000000e+04,8.192500000000000000e+04,8.192500000000000000e+04,8.192500000000000000e+04,8.192500000000000000e+04,8.192500000000000000e+04,8.192500000000000000e+04,8.192500000000000000e+04,8.192500000000000000e+04
0.000000000000000000e+00,0.000000000000000000e+00,0.000000000000000000e+00,3.000000000000000000e+00,8.000000000000000000e+00,4.840000000000000000e+02,1.914800000000000000e+04,6.715200000000000000e+04,7.918600000000000000e+04,8.150800000000000000e+04,8.188200000000000000e+04,8.193300000000000000e+04,8.194500000000000000e+04,8.194600000000000000e+04,8.194600000000000000e+04,8.194600000000000000e+04,8.194600000000000000e+04,8.194600000000000000e+04,8.194600000000000000e+04,8.194600000000000000e+04,8.194600000000000000e+04,8.194600000000000000e+04,8.194600000000000000e+04,8.194600000000000000e+04,8.194600000000000000e+04,8.194600000000000000e+04,8.194600000000000000e+04,8.194600000000000000e+04,8.194600000000000000e+04,8.194600000000000000e+04,8.194600000000000000e+04,8.194600000000000000e+04,8.194600000000000000e+04,8.194600000000000000e+04,8.194600000000000000e+04,8.194600000000000000e+04,8.194600000000000000e+04,8.194600000000000000e+04,8.194600000000000000e+04,8.194600000000000000e+04,8.194600000000000000e+04,8.194600000000000000e+04,8.194600000000000000e+04,8.194600000000000000e+04,8.194600000000000000e+04,8.194600000000000000e+04,8.194600000000000000e+04,8.194600000000000000e+04,8.194600000000000000e+04,8.194600000000000000e+04,8.194600000000000000e+04,8.194600000000000000e+04,8.194600000000000000e+04,8.194600000000000000e+04,8.194600000000000000e+04,8.194600000000000000e+04,8.194600000000000000e+04,8.194600000000000000e+04,8.194600000000000000e+04,8.194600000000000000e+04,8.194600000000000000e+04,8.194600000000000000e+04,8.194600000000000000e+04,8.194600000000000000e+04,8.194600000000000000e+04,8.194600000000000000e+04,8.194600000000000000e+04,8.194600000000000000e+04,8.194600000000000000e+04,8.194600000000000000e+04,8.194600000000000000e+04,8.194600000000000000e+04,8.194600000000000000e+04,8.194600000000000000e+04,8.194600000000000000e+04,8.194600000000000000e+04,8.194600000000000000e+04,8.194600000000000000e+04,8.194600000000000000e+04,8.194600000000000000e+04,8.194600000000000000e+04,8.194600000000000000e+04,8.194600000000000000e+04,8.194600000000000000e+04,8.194600000000000000e+04,8.194600000000000000e+04,8.194600000000000000e+04,8.194600000000000000e+04,8.194600000000000000e+04,8.194600000000000000e+04,8.194600000000000000e+04,8.194600000000000000e+04,8.194600000000000000e+04,8.194600000000000000e+04,8.194600000000000000e+04,8.194600000000000000e+04,8.194600000000000000e+04,8.194600000000000000e+04,8.194600000000000000e+04,8.194600000000000000e+04,8.194600000000000000e+04
0.000000000000000000e+00,0.000000000000000000e+00,0.000000000000000000e+00,3.000000000000000000e+00,2.900000000000000000e+01,2.129000000000000000e+03,3.765300000000000000e+04,7.352800000000000000e+04,8.032800000000000000e+04,8.172300000000000000e+04,8.191200000000000000e+04,8.193800000000000000e+04,8.194000000000000000e+04,8.194000000000000000e+04,8.194000000000000000e+04,8.194000000000000000e+04,8.194000000000000000e+04,8.194000000000000000e+04,8.194000000000000000e+04,8.194000000000000000e+04,8.194000000000000000e+04,8.194000000000000000e+04,8.194000000000000000e+04,8.194000000000000000e+04,8.194000000000000000e+04,8.194000000000000000e+04,8.194000000000000000e+04,8.194000000000000000e+04,8.194000000000000000e+04,8.194000000000000000e+04,8.194000000000000000e+04,8.194000000000000000e+04,8.194000000000000000e+04,8.194000000000000000e+04,8.194000000000000000e+04,8.194000000000000000e+04,8.194000000000000000e+04,8.194000000000000000e+04,8.194000000000000000e+04,8.194000000000000000e+04,8.194000000000000000e+04,8.194000000000000000e+04,8.194000000000000000e+04,8.194000000000000000e+04,8.194000000000000000e+04,8.194000000000000000e+04,8.194000000000000000e+04,8.194000000000000000e+04,8.194000000000000000e+04,8.194000000000000000e+04,8.194000000000000000e+04,8.194000000000000000e+04,8.194000000000000000e+04,8.194000000000000000e+04,8.194000000000000000e+04,8.194000000000000000e+04,8.194000000000000000e+04,8.194000000000000000e+04,8.194000000000000000e+04,8.194000000000000000e+04,8.194000000000000000e+04,8.194000000000000000e+04,8.194000000000000000e+04,8.194000000000000000e+04,8.194000000000000000e+04,8.194000000000000000e+04,8.194000000000000000e+04,8.194000000000000000e+04,8.194000000000000000e+04,8.194000000000000000e+04,8.194000000000000000e+04,8.194000000000000000e+04,8.194000000000000000e+04,8.194000000000000000e+04,8.194000000000000000e+04,8.194000000000000000e+04,8.194000000000000000e+04,8.194000000000000000e+04,8.194000000000000000e+04,8.194000000000000000e+04,8.194000000000000000e+04,8.194000000000000000e+04,8.194000000000000000e+04,8.194000000000000000e+04,8.194000000000000000e+04,8.194000000000000000e+04,8.194000000000000000e+04,8.194000000000000000e+04,8.194000000000000000e+04,8.194000000000000000e+04,8.194000000000000000e+04,8.194000000000000000e+04,8.194000000000000000e+04,8.194000000000000000e+04,8.194000000000000000e+04,8.194000000000000000e+04,8.194000000000000000e+04,8.194000000000000000e+04,8.194000000000000000e+04,8.194000000000000000e+04,8.194000000000000000e+04
0.000000000000000000e+00,0.000000000000000000e+00,0.000000000000000000e+00,3.000000000000000000e+00,1.500000000000000000e+01,1.513000000000000000e+03,3.163900000000000000e+04,7.175700000000000000e+04,8.003700000000000000e+04,8.164100000000000000e+04,8.188100000000000000e+04,8.192900000000000000e+04,8.193900000000000000e+04,8.193900000000000000e+04,8.194000000000000000e+04,8.194000000000000000e+04,8.194000000000000000e+04,8.194000000000000000e+04,8.194000000000000000e+04,8.194000000000000000e+04,8.194000000000000000e+04,8.194000000000000000e+04,8.194000000000000000e+04,8.194000000000000000e+04,8.194000000000000000e+04,8.194000000000000000e+04,8.194000000000000000e+04,8.194000000000000000e+04,8.194000000000000000e+04,8.194000000000000000e+04,8.194000000000000000e+04,8.194000000000000000e+04,8.194000000000000000e+04,8.194000000000000000e+04,8.194000000000000000e+04,8.194000000000000000e+04,8.194000000000000000e+04,8.194000000000000000e+04,8.194000000000000000e+04,8.194000000000000000e+04,8.194000000000000000e+04,8.194000000000000000e+04,8.194000000000000000e+04,8.194000000000000000e+04,8.194000000000000000e+04,8.194000000000000000e+04,8.194000000000000000e+04,8.194000000000000000e+04,8.194000000000000000e+04,8.194000000000000000e+04,8.194000000000000000e+04,8.194000000000000000e+04,8.194000000000000000e+04,8.194000000000000000e+04,8.194000000000000000e+04,8.194000000000000000e+04,8.194000000000000000e+04,8.194000000000000000e+04,8.194000000000000000e+04,8.194000000000000000e+04,8.194000000000000000e+04,8.194000000000000000e+04,8.194000000000000000e+04,8.194000000000000000e+04,8.194000000000000000e+04,8.194000000000000000e+04,8.194000000000000000e+04,8.194000000000000000e+04,8.194000000000000000e+04,8.194000000000000000e+04,8.194000000000000000e+04,8.194000000000000000e+04,8.194000000000000000e+04,8.194000000000000000e+04,8.194000000000000000e+04,8.194000000000000000e+04,8.194000000000000000e+04,8.194000000000000000e+04,8.194000000000000000e+04,8.194000000000000000e+04,8.194000000000000000e+04,8.194000000000000000e+04,8.194000000000000000e+04,8.194000000000000000e+04,8.194000000000000000e+04,8.194000000000000000e+04,8.194000000000000000e+04,8.194000000000000000e+04,8.194000000000000000e+04,8.194000000000000000e+04,8.194000000000000000e+04,8.194000000000000000e+04,8.194000000000000000e+04,8.194000000000000000e+04,8.194000000000000000e+04,8.194000000000000000e+04,8.194000000000000000e+04,8.194000000000000000e+04,8.194000000000000000e+04,8.194000000000000000e+04,8.194000000000000000e+04
0.000000000000000000e+00,0.000000000000000000e+00,0.000000000000000000e+00,3.000000000000000000e+00,1.100000000000000000e+01,1.192000000000000000e+03,2.910500000000000000e+04,7.101600000000000000e+04,7.987500000000000000e+04,8.162300000000000000e+04,8.191100000000000000e+04,8.195800000000000000e+04,8.196600000000000000e+04,8.196700000000000000e+04,8.196800000000000000e+04,8.196800000000000000e+04,8.196800000000000000e+04,8.196800000000000000e+04,8.196800000000000000e+04,8.196800000000000000e+04,8.196800000000000000e+04,8.196800000000000000e+04,8.196800000000000000e+04,8.196800000000000000e+04,8.196800000000000000e+04,8.196800000000000000e+04,8.196800000000000000e+04,8.196800000000000000e+04,8.196800000000000000e+04,8.196800000000000000e+04,8.196800000000000000e+04,8.196800000000000000e+04,8.196800000000000000e+04,8.196800000000000000e+04,8.196800000000000000e+04,8.196800000000000000e+04,8.196800000000000000e+04,8.196800000000000000e+04,8.196800000000000000e+04,8.196800000000000000e+04,8.196800000000000000e+04,8.196800000000000000e+04,8.196800000000000000e+04,8.196800000000000000e+04,8.196800000000000000e+04,8.196800000000000000e+04,8.196800000000000000e+04,8.196800000000000000e+04,8.196800000000000000e+04,8.196800000000000000e+04,8.196800000000000000e+04,8.196800000000000000e+04,8.196800000000000000e+04,8.196800000000000000e+04,8.196800000000000000e+04,8.196800000000000000e+04,8.196800000000000000e+04,8.196800000000000000e+04,8.196800000000000000e+04,8.196800000000000000e+04,8.196800000000000000e+04,8.196800000000000000e+04,8.196800000000000000e+04,8.196800000000000000e+04,8.196800000000000000e+04,8.196800000000000000e+04,8.196800000000000000e+04,8.196800000000000000e+04,8.196800000000000000e+04,8.196800000000000000e+04,8.196800000000000000e+04,8.196800000000000000e+04,8.196800000000000000e+04,8.196800000000000000e+04,8.196800000000000000e+04,8.196800000000000000e+04,8.196800000000000000e+04,8.196800000000000000e+04,8.196800000000000000e+04,8.196800000000000000e+04,8.196800000000000000e+04,8.196800000000000000e+04,8.196800000000000000e+04,8.196800000000000000e+04,8.196800000000000000e+04,8.196800000000000000e+04,8.196800000000000000e+04,8.196800000000000000e+04,8.196800000000000000e+04,8.196800000000000000e+04,8.196800000000000000e+04,8.196800000000000000e+04,8.196800000000000000e+04,8.196800000000000000e+04,8.196800000000000000e+04,8.196800000000000000e+04,8.196800000000000000e+04,8.196800000000000000e+04,8.196800000000000000e+04,8.196800000000000000e+04,8.196800000000000000e+04
0.000000000000000000e+00,0.000000000000000000e+00,0.000000000000000000e+00,3.000000000000000000e+00,6.000000000000000000e+00,2.930000000000000000e+02,1.492800000000000000e+04,6.451000000000000000e+04,7.864400000000000000e+04,8.138700000000000000e+04,8.187300000000000000e+04,8.194400000000000000e+04,8.195000000000000000e+04,8.195100000000000000e+04,8.195200000000000000e+04,8.195200000000000000e+04,8.195200000000000000e+04,8.195200000000000000e+04,8.195200000000000000e+04,8.195200000000000000e+04,8.195200000000000000e+04,8.195200000000000000e+04,8.195200000000000000e+04,8.195200000000000000e+04,8.195200000000000000e+04,8.195200000000000000e+04,8.195200000000000000e+04,8.195200000000000000e+04,8.195200000000000000e+04,8.195200000000000000e+04,8.195200000000000000e+04,8.195200000000000000e+04,8.195200000000000000e+04,8.195200000000000000e+04,8.195200000000000000e+04,8.195200000000000000e+04,8.195200000000000000e+04,8.195200000000000000e+04,8.195200000000000000e+04,8.195200000000000000e+04,8.195200000000000000e+04,8.195200000000000000e+04,8.195200000000000000e+04,8.195200000000000000e+04,8.195200000000000000e+04,8.195200000000000000e+04,8.195200000000000000e+04,8.195200000000000000e+04,8.195200000000000000e+04,8.195200000000000000e+04,8.195200000000000000e+04,8.195200000000000000e+04,8.195200000000000000e+04,8.195200000000000000e+04,8.195200000000000000e+04,8.195200000000000000e+04,8.195200000000000000e+04,8.195200000000000000e+04,8.195200000000000000e+04,8.195200000000000000e+04,8.195200000000000000e+04,8.195200000000000000e+04,8.195200000000000000e+04,8.195200000000000000e+04,8.195200000000000000e+04,8.195200000000000000e+04,8.195200000000000000e+04,8.195200000000000000e+04,8.195200000000000000e+04,8.195200000000000000e+04,8.195200000000000000e+04,8.195200000000000000e+04,8.195200000000000000e+04,8.195200000000000000e+04,8.195200000000000000e+04,8.195200000000000000e+04,8.195200000000000000e+04,8.195200000000000000e+04,8.195200000000000000e+04,8.195200000000000000e+04,8.195200000000000000e+04,8.195200000000000000e+04,8.195200000000000000e+04,8.195200000000000000e+04,8.195200000000000000e+04,8.195200000000000000e+04,8.195200000000000000e+04,8.195200000000000000e+04,8.195200000000000000e+04,8.195200000000000000e+04,8.195200000000000000e+04,8.195200000000000000e+04,8.195200000000000000e+04,8.195200000000000000e+04,8.195200000000000000e+04,8.195200000000000000e+04,8.195200000000000000e+04,8.195200000000000000e+04,8.195200000000000000e+04,8.195200000000000000e+04,8.195200000000000000e+04
0.000000000000000000e+00,0.000000000000000000e+00,0.000000000000000000e+00,3.000000000000000000e+00,4.300000000000000000e+01,3.854000000000000000e+03,4.404400000000000000e+04,7.489500000000000000e+04,8.058400000000000000e+04,8.176000000000000000e+04,8.193800000000000000e+04,8.196000000000000000e+04,8.196600000000000000e+04,8.196700000000000000e+04,8.196700000000000000e+04,8.196700000000000000e+04,8.196700000000000000e+04,8.196700000000000000e+04,8.196700000000000000e+04,8.196700000000000000e+04,8.196700000000000000e+04,8.196700000000000000e+04,8.196700000000000000e+04,8.196700000000000000e+04,8.196700000000000000e+04,8.196700000000000000e+04,8.196700000000000000e+04,8.196700000000000000e+04,8.196700000000000000e+04,8.196700000000000000e+04,8.196700000000000000e+04,8.196700000000000000e+04,8.196700000000000000e+04,8.196700000000000000e+04,8.196700000000000000e+04,8.196700000000000000e+04,8.196700000000000000e+04,8.196700000000000000e+04,8.196700000000000000e+04,8.196700000000000000e+04,8.196700000000000000e+04,8.196700000000000000e+04,8.196700000000000000e+04,8.196700000000000000e+04,8.196700000000000000e+04,8.196700000000000000e+04,8.196700000000000000e+04,8.196700000000000000e+04,8.196700000000000000e+04,8.196700000000000000e+04,8.196700000000000000e+04,8.196700000000000000e+04,8.196700000000000000e+04,8.196700000000000000e+04,8.196700000000000000e+04,8.196700000000000000e+04,8.196700000000000000e+04,8.196700000000000000e+04,8.196700000000000000e+04,8.196700000000000000e+04,8.196700000000000000e+04,8.196700000000000000e+04,8.196700000000000000e+04,8.196700000000000000e+04,8.196700000000000000e+04,8.196700000000000000e+04,8.196700000000000000e+04,8.196700000000000000e+04,8.196700000000000000e+04,8.196700000000000000e+04,8.196700000000000000e+04,8.196700000000000000e+04,8.196700000000000000e+04,8.196700000000000000e+04,8.196700000000000000e+04,8.196700000000000000e+04,8.196700000000000000e+04,8.196700000000000000e+04,8.196700000000000000e+04,8.196700000000000000e+04,8.196700000000000000e+04,8.196700000000000000e+04,8.196700000000000000e+04,8.196700000000000000e+04,8.196700000000000000e+04,8.196700000000000000e+04,8.196700000000000000e+04,8.196700000000000000e+04,8.196700000000000000e+04,8.196700000000000000e+04,8.196700000000000000e+04,8.196700000000000000e+04,8.196700000000000000e+04,8.196700000000000000e+04,8.196700000000000000e+04,8.196700000000000000e+04,8.196700000000000000e+04,8.196700000000000000e+04,8.196700000000000000e+04,8.196700000000000000e+04,8.196700000000000000e+04
0.000000000000000000e+00,0.000000000000000000e+00,0.000000000000000000e+00,3.000000000000000000e+00,2.000000000000000000e+01,4.846000000000000000e+03,4.229800000000000000e+04,7.438000000000000000e+04,8.050600000000000000e+04,8.170700000000000000e+04,8.190400000000000000e+04,8.192900000000000000e+04,8.193100000000000000e+04,8.193300000000000000e+04,8.193400000000000000e+04,8.193400000000000000e+04,8.193400000000000000e+04,8.193400000000000000e+04,8.193400000000000000e+04,8.193400000000000000e+04,8.193400000000000000e+04,8.193400000000000000e+04,8.193400000000000000e+04,8.193400000000000000e+04,8.193400000000000000e+04,8.193400000000000000e+04,8.193400000000000000e+04,8.193400000000000000e+04,8.193400000000000000e+04,8.193400000000000000e+04,8.193400000000000000e+04,8.193400000000000000e+04,8.193400000000000000e+04,8.193400000000000000e+04,8.193400000000000000e+04,8.193400000000000000e+04,8.193400000000000000e+04,8.193400000000000000e+04,8.193400000000000000e+04,8.193400000000000000e+04,8.193400000000000000e+04,8.193400000000000000e+04,8.193400000000000000e+04,8.193400000000000000e+04,8.193400000000000000e+04,8.193400000000000000e+04,8.193400000000000000e+04,8.193400000000000000e+04,8.193400000000000000e+04,8.193400000000000000e+04,8.193400000000000000e+04,8.193400000000000000e+04,8.193400000000000000e+04,8.193400000000000000e+04,8.193400000000000000e+04,8.193400000000000000e+04,8.193400000000000000e+04,8.193400000000000000e+04,8.193400000000000000e+04,8.193400000000000000e+04,8.193400000000000000e+04,8.193400000000000000e+04,8.193400000000000000e+04,8.193400000000000000e+04,8.193400000000000000e+04,8.193400000000000000e+04,8.193400000000000000e+04,8.193400000000000000e+04,8.193400000000000000e+04,8.193400000000000000e+04,8.193400000000000000e+04,8.193400000000000000e+04,8.193400000000000000e+04,8.193400000000000000e+04,8.193400000000000000e+04,8.193400000000000000e+04,8.193400000000000000e+04,8.193400000000000000e+04,8.193400000000000000e+04,8.193400000000000000e+04,8.193400000000000000e+04,8.193400000000000000e+04,8.193400000000000000e+04,8.193400000000000000e+04,8.193400000000000000e+04,8.193400000000000000e+04,8.193400000000000000e+04,8.193400000000000000e+04,8.193400000000000000e+04,8.193400000000000000e+04,8.193400000000000000e+04,8.193400000000000000e+04,8.193400000000000000e+04,8.193400000000000000e+04,8.193400000000000000e+04,8.193400000000000000e+04,8.193400000000000000e+04,8.193400000000000000e+04,8.193400000000000000e+04,8.193400000000000000e+04,8.193400000000000000e+04
0.000000000000000000e+00,0.000000000000000000e+00,0.000000000000000000e+00,3.000000000000000000e+00,1.700000000000000000e+01,2.480000000000000000e+02,1.329500000000000000e+04,6.316000000000000000e+04,7.843400000000000000e+04,8.133800000000000000e+04,8.185800000000000000e+04,8.192900000000000000e+04,8.194200000000000000e+04,8.194400000000000000e+04,8.194400000000000000e+04,8.194400000000000000e+04,8.194400000000000000e+04,8.194400000000000000e+04,8.194400000000000000e+04,8.194400000000000000e+04,8.194400000000000000e+04,8.194400000000000000e+04,8.194400000000000000e+04,8.194400000000000000e+04,8.194400000000000000e+04,8.194400000000000000e+04,8.194400000000000000e+04,8.194400000000000000e+04,8.194400000000000000e+04,8.194400000000000000e+04,8.194400000000000000e+04,8.194400000000000000e+04,8.194400000000000000e+04,8.194400000000000000e+04,8.194400000000000000e+04,8.194400000000000000e+04,8.194400000000000000e+04,8.194400000000000000e+04,8.194400000000000000e+04,8.194400000000000000e+04,8.194400000000000000e+04,8.194400000000000000e+04,8.194400000000000000e+04,8.194400000000000000e+04,8.194400000000000000e+04,8.194400000000000000e+04,8.194400000000000000e+04,8.194400000000000000e+04,8.194400000000000000e+04,8.194400000000000000e+04,8.194400000000000000e+04,8.194400000000000000e+04,8.194400000000000000e+04,8.194400000000000000e+04,8.194400000000000000e+04,8.194400000000000000e+04,8.194400000000000000e+04,8.194400000000000000e+04,8.194400000000000000e+04,8.194400000000000000e+04,8.194400000000000000e+04,8.194400000000000000e+04,8.194400000000000000e+04,8.194400000000000000e+04,8.194400000000000000e+04,8.194400000000000000e+04,8.194400000000000000e+04,8.194400000000000000e+04,8.194400000000000000e+04,8.194400000000000000e+04,8.194400000000000000e+04,8.194400000000000000e+04,8.194400000000000000e+04,8.194400000000000000e+04,8.194400000000000000e+04,8.194400000000000000e+04,8.194400000000000000e+04,8.194400000000000000e+04,8.194400000000000000e+04,8.194400000000000000e+04,8.194400000000000000e+04,8.194400000000000000e+04,8.194400000000000000e+04,8.194400000000000000e+04,8.194400000000000000e+04,8.194400000000000000e+04,8.194400000000000000e+04,8.194400000000000000e+04,8.194400000000000000e+04,8.194400000000000000e+04,8.194400000000000000e+04,8.194400000000000000e+04,8.194400000000000000e+04,8.194400000000000000e+04,8.194400000000000000e+04,8.194400000000000000e+04,8.194400000000000000e+04,8.194400000000000000e+04,8.194400000000000000e+04,8.194400000000000000e+04,8.194400000000000000e+04
0.000000000000000000e+00,0.000000000000000000e+00,0.000000000000000000e+00,3.000000000000000000e+00,4.100000000000000000e+01,5.534000000000000000e+03,4.856900000000000000e+04,7.578900000000000000e+04,8.083700000000000000e+04,8.182600000000000000e+04,8.193800000000000000e+04,8.195100000000000000e+04,8.195200000000000000e+04,8.195200000000000000e+04,8.195300000000000000e+04,8.195300000000000000e+04,8.195300000000000000e+04,8.195300000000000000e+04,8.195300000000000000e+04,8.195300000000000000e+04,8.195300000000000000e+04,8.195300000000000000e+04,8.195300000000000000e+04,8.195300000000000000e+04,8.195300000000000000e+04,8.195300000000000000e+04,8.195300000000000000e+04,8.195300000000000000e+04,8.195300000000000000e+04,8.195300000000000000e+04,8.195300000000000000e+04,8.195300000000000000e+04,8.195300000000000000e+04,8.195300000000000000e+04,8.195300000000000000e+04,8.195300000000000000e+04,8.195300000000000000e+04,8.195300000000000000e+04,8.195300000000000000e+04,8.195300000000000000e+04,8.195300000000000000e+04,8.195300000000000000e+04,8.195300000000000000e+04,8.195300000000000000e+04,8.195300000000000000e+04,8.195300000000000000e+04,8.195300000000000000e+04,8.195300000000000000e+04,8.195300000000000000e+04,8.195300000000000000e+04,8.195300000000000000e+04,8.195300000000000000e+04,8.195300000000000000e+04,8.195300000000000000e+04,8.195300000000000000e+04,8.195300000000000000e+04,8.195300000000000000e+04,8.195300000000000000e+04,8.195300000000000000e+04,8.195300000000000000e+04,8.195300000000000000e+04,8.195300000000000000e+04,8.195300000000000000e+04,8.195300000000000000e+04,8.195300000000000000e+04,8.195300000000000000e+04,8.195300000000000000e+04,8.195300000000000000e+04,8.195300000000000000e+04,8.195300000000000000e+04,8.195300000000000000e+04,8.195300000000000000e+04,8.195300000000000000e+04,8.195300000000000000e+04,8.195300000000000000e+04,8.195300000000000000e+04,8.195300000000000000e+04,8.195300000000000000e+04,8.195300000000000000e+04,8.195300000000000000e+04,8.195300000000000000e+04,8.195300000000000000e+04,8.195300000000000000e+04,8.195300000000000000e+04,8.195300000000000000e+04,8.195300000000000000e+04,8.195300000000000000e+04,8.195300000000000000e+04,8.195300000000000000e+04,8.195300000000000000e+04,8.195300000000000000e+04,8.195300000000000000e+04,8.195300000000000000e+04,8.195300000000000000e+04,8.195300000000000000e+04,8.195300000000000000e+04,8.195300000000000000e+04,8.195300000000000000e+04,8.195300000000000000e+04,8.195300000000000000e+04,8.195300000000000000e+04
0.000000000000000000e+00,0.000000000000000000e+00,0.000000000000000000e+00,3.000000000000000000e+00,8.000000000000000000e+00,4.290000000000000000e+02,1.522000000000000000e+04,6.464000000000000000e+04,7.876100000000000000e+04,8.143000000000000000e+04,8.189200000000000000e+04,8.194500000000000000e+04,8.195900000000000000e+04,8.195900000000000000e+04,8.195900000000000000e+04,8.195900000000000000e+04,8.195900000000000000e+04,8.195900000000000000e+04,8.195900000000000000e+04,8.195900000000000000e+04,8.195900000000000000e+04,8.195900000000000000e+04,8.195900000000000000e+04,8.195900000000000000e+04,8.195900000000000000e+04,8.195900000000000000e+04,8.195900000000000000e+04,8.195900000000000000e+04,8.195900000000000000e+04,8.195900000000000000e+04,8.195900000000000000e+04,8.195900000000000000e+04,8.195900000000000000e+04,8.195900000000000000e+04,8.195900000000000000e+04,8.195900000000000000e+04,8.195900000000000000e+04,8.195900000000000000e+04,8.195900000000000000e+04,8.195900000000000000e+04,8.195900000000000000e+04,8.195900000000000000e+04,8.195900000000000000e+04,8.195900000000000000e+04,8.195900000000000000e+04,8.195900000000000000e+04,8.195900000000000000e+04,8.195900000000000000e+04,8.195900000000000000e+04,8.195900000000000000e+04,8.195900000000000000e+04,8.195900000000000000e+04,8.195900000000000000e+04,8.195900000000000000e+04,8.195900000000000000e+04,8.195900000000000000e+04,8.195900000000000000e+04,8.195900000000000000e+04,8.195900000000000000e+04,8.195900000000000000e+04,8.195900000000000000e+04,8.195900000000000000e+04,8.195900000000000000e+04,8.195900000000000000e+04,8.195900000000000000e+04,8.195900000000000000e+04,8.195900000000000000e+04,8.195900000000000000e+04,8.195900000000000000e+04,8.195900000000000000e+04,8.195900000000000000e+04,8.195900000000000000e+04,8.195900000000000000e+04,8.195900000000000000e+04,8.195900000000000000e+04,8.195900000000000000e+04,8.195900000000000000e+04,8.195900000000000000e+04,8.195900000000000000e+04,8.195900000000000000e+04,8.195900000000000000e+04,8.195900000000000000e+04,8.195900000000000000e+04,8.195900000000000000e+04,8.195900000000000000e+04,8.195900000000000000e+04,8.195900000000000000e+04,8.195900000000000000e+04,8.195900000000000000e+04,8.195900000000000000e+04,8.195900000000000000e+04,8.195900000000000000e+04,8.195900000000000000e+04,8.195900000000000000e+04,8.195900000000000000e+04,8.195900000000000000e+04,8.195900000000000000e+04,8.195900000000000000e+04,8.195900000000000000e+04,8.195900000000000000e+04,8.195900000000000000e+04
0.000000000000000000e+00,0.000000000000000000e+00,0.000000000000000000e+00,3.000000000000000000e+00,1.900000000000000000e+01,1.316000000000000000e+03,2.932500000000000000e+04,7.143500000000000000e+04,7.981000000000000000e+04,8.160600000000000000e+04,8.189300000000000000e+04,8.194400000000000000e+04,8.195400000000000000e+04,8.195400000000000000e+04,8.195400000000000000e+04,8.195400000000000000e+04,8.195400000000000000e+04,8.195400000000000000e+04,8.195400000000000000e+04,8.195400000000000000e+04,8.195400000000000000e+04,8.195400000000000000e+04,8.195400000000000000e+04,8.195400000000000000e+04,8.195400000000000000e+04,8.195400000000000000e+04,8.195400000000000000e+04,8.195400000000000000e+04,8.195400000000000000e+04,8.195400000000000000e+04,8.195400000000000000e+04,8.195400000000000000e+04,8.195400000000000000e+04,8.195400000000000000e+04,8.195400000000000000e+04,8.195400000000000000e+04,8.195400000000000000e+04,8.195400000000000000e+04,8.195400000000000000e+04,8.195400000000000000e+04,8.195400000000000000e+04,8.195400000000000000e+04,8.195400000000000000e+04,8.195400000000000000e+04,8.195400000000000000e+04,8.195400000000000000e+04,8.195400000000000000e+04,8.195400000000000000e+04,8.195400000000000000e+04,8.195400000000000000e+04,8.195400000000000000e+04,8.195400000000000000e+04,8.195400000000000000e+04,8.195400000000000000e+04,8.195400000000000000e+04,8.195400000000000000e+04,8.195400000000000000e+04,8.195400000000000000e+04,8.195400000000000000e+04,8.195400000000000000e+04,8.195400000000000000e+04,8.195400000000000000e+04,8.195400000000000000e+04,8.195400000000000000e+04,8.195400000000000000e+04,8.195400000000000000e+04,8.195400000000000000e+04,8.195400000000000000e+04,8.195400000000000000e+04,8.195400000000000000e+04,8.195400000000000000e+04,8.195400000000000000e+04,8.195400000000000000e+04,8.195400000000000000e+04,8.195400000000000000e+04,8.195400000000000000e+04,8.195400000000000000e+04,8.195400000000000000e+04,8.195400000000000000e+04,8.195400000000000000e+04,8.195400000000000000e+04,8.195400000000000000e+04,8.195400000000000000e+04,8.195400000000000000e+04,8.195400000000000000e+04,8.195400000000000000e+04,8.195400000000000000e+04,8.195400000000000000e+04,8.195400000000000000e+04,8.195400000000000000e+04,8.195400000000000000e+04,8.195400000000000000e+04,8.195400000000000000e+04,8.195400000000000000e+04,8.195400000000000000e+04,8.195400000000000000e+04,8.195400000000000000e+04,8.195400000000000000e+04,8.195400000000000000e+04,8.195400000000000000e+04,8.195400000000000000e+04
0.000000000000000000e+00,0.000000000000000000e+00,0.000000000000000000e+00,3.000000000000000000e+00,9.000000000000000000e+00,3.430000000000000000e+02,1.954400000000000000e+04,6.655800000000000000e+04,7.897200000000000000e+04,8.143700000000000000e+04,8.185700000000000000e+04,8.191100000000000000e+04,8.191800000000000000e+04,8.192100000000000000e+04,8.192200000000000000e+04,8.192200000000000000e+04,8.192200000000000000e+04,8.192200000000000000e+04,8.192200000000000000e+04,8.192200000000000000e+04,8.192200000000000000e+04,8.192200000000000000e+04,8.192200000000000000e+04,8.192200000000000000e+04,8.192200000000000000e+04,8.192200000000000000e+04,8.192200000000000000e+04,8.192200000000000000e+04,8.192200000000000000e+04,8.192200000000000000e+04,8.192200000000000000e+04,8.192200000000000000e+04,8.192200000000000000e+04,8.192200000000000000e+04,8.192200000000000000e+04,8.192200000000000000e+04,8.192200000000000000e+04,8.192200000000000000e+04,8.192200000000000000e+04,8.192200000000000000e+04,8.192200000000000000e+04,8.192200000000000000e+04,8.192200000000000000e+04,8.192200000000000000e+04,8.192200000000000000e+04,8.192200000000000000e+04,8.192200000000000000e+04,8.192200000000000000e+04,8.192200000000000000e+04,8.192200000000000000e+04,8.192200000000000000e+04,8.192200000000000000e+04,8.192200000000000000e+04,8.192200000000000000e+04,8.192200000000000000e+04,8.192200000000000000e+04,8.192200000000000000e+04,8.192200000000000000e+04,8.192200000000000000e+04,8.192200000000000000e+04,8.192200000000000000e+04,8.192200000000000000e+04,8.192200000000000000e+04,8.192200000000000000e+04,8.192200000000000000e+04,8.192200000000000000e+04,8.192200000000000000e+04,8.192200000000000000e+04,8.192200000000000000e+04,8.192200000000000000e+04,8.192200000000000000e+04,8.192200000000000000e+04,8.192200000000000000e+04,8.192200000000000000e+04,8.192200000000000000e+04,8.192200000000000000e+04,8.192200000000000000e+04,8.192200000000000000e+04,8.192200000000000000e+04,8.192200000000000000e+04,8.192200000000000000e+04,8.192200000000000000e+04,8.192200000000000000e+04,8.192200000000000000e+04,8.192200000000000000e+04,8.192200000000000000e+04,8.192200000000000000e+04,8.192200000000000000e+04,8.192200000000000000e+04,8.192200000000000000e+04,8.192200000000000000e+04,8.192200000000000000e+04,8.192200000000000000e+04,8.192200000000000000e+04,8.192200000000000000e+04,8.192200000000000000e+04,8.192200000000000000e+04,8.192200000000000000e+04,8.192200000000000000e+04,8.192200000000000000e+04,8.192200000000000000e+04
0.000000000000000000e+00,0.000000000000000000e+00,0.000000000000000000e+00,3.000000000000000000e+00,3.400000000000000000e+01,5.256000000000000000e+03,4.479000000000000000e+04,7.505000000000000000e+04,8.064600000000000000e+04,8.176900000000000000e+04,8.192700000000000000e+04,8.194800000000000000e+04,8.195400000000000000e+04,8.195400000000000000e+04,8.195400000000000000e+04,8.195400000000000000e+04,8.195400000000000000e+04,8.195400000000000000e+04,8.195400000000000000e+04,8.195400000000000000e+04,8.195400000000000000e+04,8.195400000000000000e+04,8.195400000000000000e+04,8.195400000000000000e+04,8.195400000000000000e+04,8.195400000000000000e+04,8.195400000000000000e+04,8.195400000000000000e+04,8.195400000000000000e+04,8.195400000000000000e+04,8.195400000000000000e+04,8.195400000000000000e+04,8.195400000000000000e+04,8.195400000000000000e+04,8.195400000000000000e+04,8.195400000000000000e+04,8.195400000000000000e+04,8.195400000000000000e+04,8.195400000000000000e+04,8.195400000000000000e+04,8.195400000000000000e+04,8.195400000000000000e+04,8.195400000000000000e+04,8.195400000000000000e+04,8.195400000000000000e+04,8.195400000000000000e+04,8.195400000000000000e+04,8.195400000000000000e+04,8.195400000000000000e+04,8.195400000000000000e+04,8.195400000000000000e+04,8.195400000000000000e+04,8.195400000000000000e+04,8.195400000000000000e+04,8.195400000000000000e+04,8.195400000000000000e+04,8.195400000000000000e+04,8.195400000000000000e+04,8.195400000000000000e+04,8.195400000000000000e+04,8.195400000000000000e+04,8.195400000000000000e+04,8.195400000000000000e+04,8.195400000000000000e+04,8.195400000000000000e+04,8.195400000000000000e+04,8.195400000000000000e+04,8.195400000000000000e+04,8.195400000000000000e+04,8.195400000000000000e+04,8.195400000000000000e+04,8.195400000000000000e+04,8.195400000000000000e+04,8.195400000000000000e+04,8.195400000000000000e+04,8.195400000000000000e+04,8.195400000000000000e+04,8.195400000000000000e+04,8.195400000000000000e+04,8.195400000000000000e+04,8.195400000000000000e+04,8.195400000000000000e+04,8.195400000000000000e+04,8.195400000000000000e+04,8.195400000000000000e+04,8.195400000000000000e+04,8.195400000000000000e+04,8.195400000000000000e+04,8.195400000000000000e+04,8.195400000000000000e+04,8.195400000000000000e+04,8.195400000000000000e+04,8.195400000000000000e+04,8.195400000000000000e+04,8.195400000000000000e+04,8.195400000000000000e+04,8.195400000000000000e+04,8.195400000000000000e+04,8.195400000000000000e+04,8.195400000000000000e+04,8.195400000000000000e+04
0.000000000000000000e+00,0.000000000000000000e+00,0.000000000000000000e+00,3.000000000000000000e+00,7.000000000000000000e+00,5.680000000000000000e+02,1.865800000000000000e+04,6.636300000000000000e+04,7.904900000000000000e+04,8.144900000000000000e+04,8.186000000000000000e+04,8.192800000000000000e+04,8.193500000000000000e+04,8.193500000000000000e+04,8.193500000000000000e+04,8.193500000000000000e+04,8.193500000000000000e+04,8.193500000000000000e+04,8.193500000000000000e+04,8.193500000000000000e+04,8.193500000000000000e+04,8.193500000000000000e+04,8.193500000000000000e+04,8.193500000000000000e+04,8.193500000000000000e+04,8.193500000000000000e+04,8.193500000000000000e+04,8.193500000000000000e+04,8.193500000000000000e+04,8.193500000000000000e+04,8.193500000000000000e+04,8.193500000000000000e+04,8.193500000000000000e+04,8.193500000000000000e+04,8.193500000000000000e+04,8.193500000000000000e+04,8.193500000000000000e+04,8.193500000000000000e+04,8.193500000000000000e+04,8.193500000000000000e+04,8.193500000000000000e+04,8.193500000000000000e+04,8.193500000000000000e+04,8.193500000000000000e+04,8.193500000000000000e+04,8.193500000000000000e+04,8.193500000000000000e+04,8.193500000000000000e+04,8.193500000000000000e+04,8.193500000000000000e+04,8.193500000000000000e+04,8.193500000000000000e+04,8.193500000000000000e+04,8.193500000000000000e+04,8.193500000000000000e+04,8.193500000000000000e+04,8.193500000000000000e+04,8.193500000000000000e+04,8.193500000000000000e+04,8.193500000000000000e+04,8.193500000000000000e+04,8.193500000000000000e+04,8.193500000000000000e+04,8.193500000000000000e+04,8.193500000000000000e+04,8.193500000000000000e+04,8.193500000000000000e+04,8.193500000000000000e+04,8.193500000000000000e+04,8.193500000000000000e+04,8.193500000000000000e+04,8.193500000000000000e+04,8.193500000000000000e+04,8.193500000000000000e+04,8.193500000000000000e+04,8.193500000000000000e+04,8.193500000000000000e+04,8.193500000000000000e+04,8.193500000000000000e+04,8.193500000000000000e+04,8.193500000000000000e+04,8.193500000000000000e+04,8.193500000000000000e+04,8.193500000000000000e+04,8.193500000000000000e+04,8.193500000000000000e+04,8.193500000000000000e+04,8.193500000000000000e+04,8.193500000000000000e+04,8.193500000000000000e+04,8.193500000000000000e+04,8.193500000000000000e+04,8.193500000000000000e+04,8.193500000000000000e+04,8.193500000000000000e+04,8.193500000000000000e+04,8.193500000000000000e+04,8.193500000000000000e+04,8.193500000000000000e+04,8.193500000000000000e+04,8.193500000000000000e+04
0.000000000000000000e+00,0.000000000000000000e+00,0.000000000000000000e+00,3.000000000000000000e+00,1.300000000000000000e+01,1.561000000000000000e+03,3.184700000000000000e+04,7.196800000000000000e+04,8.002100000000000000e+04,8.165500000000000000e+04,8.191100000000000000e+04,8.193900000000000000e+04,8.194800000000000000e+04,8.194800000000000000e+04,8.194800000000000000e+04,8.194800000000000000e+04,8.194800000000000000e+04,8.194800000000000000e+04,8.194800000000000000e+04,8.194800000000000000e+04,8.194800000000000000e+04,8.194800000000000000e+04,8.194800000000000000e+04,8.194800000000000000e+04,8.194800000000000000e+04,8.194800000000000000e+04,8.194800000000000000e+04,8.194800000000000000e+04,8.194800000000000000e+04,8.194800000000000000e+04,8.194800000000000000e+04,8.194800000000000000e+04,8.194800000000000000e+04,8.194800000000000000e+04,8.194800000000000000e+04,8.194800000000000000e+04,8.194800000000000000e+04,8.194800000000000000e+04,8.194800000000000000e+04,8.194800000000000000e+04,8.194800000000000000e+04,8.194800000000000000e+04,8.194800000000000000e+04,8.194800000000000000e+04,8.194800000000000000e+04,8.194800000000000000e+04,8.194800000000000000e+04,8.194800000000000000e+04,8.194800000000000000e+04,8.194800000000000000e+04,8.194800000000000000e+04,8.194800000000000000e+04,8.194800000000000000e+04,8.194800000000000000e+04,8.194800000000000000e+04,8.194800000000000000e+04,8.194800000000000000e+04,8.194800000000000000e+04,8.194800000000000000e+04,8.194800000000000000e+04,8.194800000000000000e+04,8.194800000000000000e+04,8.194800000000000000e+04,8.194800000000000000e+04,8.194800000000000000e+04,8.194800000000000000e+04,8.194800000000000000e+04,8.194800000000000000e+04,8.194800000000000000e+04,8.194800000000000000e+04,8.194800000000000000e+04,8.194800000000000000e+04,8.194800000000000000e+04,8.194800000000000000e+04,8.194800000000000000e+04,8.194800000000000000e+04,8.194800000000000000e+04,8.194800000000000000e+04,8.194800000000000000e+04,8.194800000000000000e+04,8.194800000000000000e+04,8.194800000000000000e+04,8.194800000000000000e+04,8.194800000000000000e+04,8.194800000000000000e+04,8.194800000000000000e+04,8.194800000000000000e+04,8.194800000000000000e+04,8.194800000000000000e+04,8.194800000000000000e+04,8.194800000000000000e+04,8.194800000000000000e+04,8.194800000000000000e+04,8.194800000000000000e+04,8.194800000000000000e+04,8.194800000000000000e+04,8.194800000000000000e+04,8.194800000000000000e+04,8.194800000000000000e+04,8.194800000000000000e+04,8.194800000000000000e+04
0.000000000000000000e+00,0.000000000000000000e+00,0.000000000000000000e+00,3.000000000000000000e+00,1.500000000000000000e+01,5.690000000000000000e+02,2.019300000000000000e+04,6.780600000000000000e+04,7.922600000000000000e+04,8.149600000000000000e+04,8.189100000000000000e+04,8.194500000000000000e+04,8.195500000000000000e+04,8.195600000000000000e+04,8.195600000000000000e+04,8.195600000000000000e+04,8.195600000000000000e+04,8.195600000000000000e+04,8.195600000000000000e+04,8.195600000000000000e+04,8.195600000000000000e+04,8.195600000000000000e+04,8.195600000000000000e+04,8.195600000000000000e+04,8.195600000000000000e+04,8.195600000000000000e+04,8.195600000000000000e+04,8.195600000000000000e+04,8.195600000000000000e+04,8.195600000000000000e+04,8.195600000000000000e+04,8.195600000000000000e+04,8.195600000000000000e+04,8.195600000000000000e+04,8.195600000000000000e+04,8.195600000000000000e+04,8.195600000000000000e+04,8.195600000000000000e+04,8.195600000000000000e+04,8.195600000000000000e+04,8.195600000000000000e+04,8.195600000000000000e+04,8.195600000000000000e+04,8.195600000000000000e+04,8.195600000000000000e+04,8.195600000000000000e+04,8.195600000000000000e+04,8.195600000000000000e+04,8.195600000000000000e+04,8.195600000000000000e+04,8.195600000000000000e+04,8.195600000000000000e+04,8.195600000000000000e+04,8.195600000000000000e+04,8.195600000000000000e+04,8.195600000000000000e+04,8.195600000000000000e+04,8.195600000000000000e+04,8.195600000000000000e+04,8.195600000000000000e+04,8.195600000000000000e+04,8.195600000000000000e+04,8.195600000000000000e+04,8.195600000000000000e+04,8.195600000000000000e+04,8.195600000000000000e+04,8.195600000000000000e+04,8.195600000000000000e+04,8.195600000000000000e+04,8.195600000000000000e+04,8.195600000000000000e+04,8.195600000000000000e+04,8.195600000000000000e+04,8.195600000000000000e+04,8.195600000000000000e+04,8.195600000000000000e+04,8.195600000000000000e+04,8.195600000000000000e+04,8.195600000000000000e+04,8.195600000000000000e+04,8.195600000000000000e+04,8.195600000000000000e+04,8.195600000000000000e+04,8.195600000000000000e+04,8.195600000000000000e+04,8.195600000000000000e+04,8.195600000000000000e+04,8.195600000000000000e+04,8.195600000000000000e+04,8.195600000000000000e+04,8.195600000000000000e+04,8.195600000000000000e+04,8.195600000000000000e+04,8.195600000000000000e+04,8.195600000000000000e+04,8.195600000000000000e+04,8.195600000000000000e+04,8.195600000000000000e+04,8.195600000000000000e+04,8.195600000000000000e+04,8.195600000000000000e+04
0.000000000000000000e+00,0.000000000000000000e+00,0.000000000000000000e+00,3.000000000000000000e+00,1.700000000000000000e+02,8.680000000000000000e+03,5.848500000000000000e+04,7.755800000000000000e+04,8.117600000000000000e+04,8.182800000000000000e+04,8.192700000000000000e+04,8.193700000000000000e+04,8.193800000000000000e+04,8.193800000000000000e+04,8.193800000000000000e+04,8.193800000000000000e+04,8.193800000000000000e+04,8.193800000000000000e+04,8.193800000000000000e+04,8.193800000000000000e+04,8.193800000000000000e+04,8.193800000000000000e+04,8.193800000000000000e+04,8.193800000000000000e+04,8.193800000000000000e+04,8.193800000000000000e+04,8.193800000000000000e+04,8.193800000000000000e+04,8.193800000000000000e+04,8.193800000000000000e+04,8.193800000000000000e+04,8.193800000000000000e+04,8.193800000000000000e+04,8.193800000000000000e+04,8.193800000000000000e+04,8.193800000000000000e+04,8.193800000000000000e+04,8.193800000000000000e+04,8.193800000000000000e+04,8.193800000000000000e+04,8.193800000000000000e+04,8.193800000000000000e+04,8.193800000000000000e+04,8.193800000000000000e+04,8.193800000000000000e+04,8.193800000000000000e+04,8.193800000000000000e+04,8.193800000000000000e+04,8.193800000000000000e+04,8.193800000000000000e+04,8.193800000000000000e+04,8.193800000000000000e+04,8.193800000000000000e+04,8.193800000000000000e+04,8.193800000000000000e+04,8.193800000000000000e+04,8.193800000000000000e+04,8.193800000000000000e+04,8.193800000000000000e+04,8.193800000000000000e+04,8.193800000000000000e+04,8.193800000000000000e+04,8.193800000000000000e+04,8.193800000000000000e+04,8.193800000000000000e+04,8.193800000000000000e+04,8.193800000000000000e+04,8.193800000000000000e+04,8.193800000000000000e+04,8.193800000000000000e+04,8.193800000000000000e+04,8.193800000000000000e+04,8.193800000000000000e+04,8.193800000000000000e+04,8.193800000000000000e+04,8.193800000000000000e+04,8.193800000000000000e+04,8.193800000000000000e+04,8.193800000000000000e+04,8.193800000000000000e+04,8.193800000000000000e+04,8.193800000000000000e+04,8.193800000000000000e+04,8.193800000000000000e+04,8.193800000000000000e+04,8.193800000000000000e+04,8.193800000000000000e+04,8.193800000000000000e+04,8.193800000000000000e+04,8.193800000000000000e+04,8.193800000000000000e+04,8.193800000000000000e+04,8.193800000000000000e+04,8.193800000000000000e+04,8.193800000000000000e+04,8.193800000000000000e+04,8.193800000000000000e+04,8.193800000000000000e+04,8.193800000000000000e+04,8.193800000000000000e+04,8.193800000000000000e+04
0.000000000000000000e+00,0.000000000000000000e+00,0.000000000000000000e+00,3.000000000000000000e+00,1.400000000000000000e+01,1.266000000000000000e+03,2.674200000000000000e+04,7.045400000000000000e+04,7.984000000000000000e+04,8.165200000000000000e+04,8.192500000000000000e+04,8.195900000000000000e+04,8.196200000000000000e+04,8.196300000000000000e+04,8.196300000000000000e+04,8.196300000000000000e+04,8.196300000000000000e+04,8.196300000000000000e+04,8.196300000000000000e+04,8.196300000000000000e+04,8.196300000000000000e+04,8.196300000000000000e+04,8.196300000000000000e+04,8.196300000000000000e+04,8.196300000000000000e+04,8.196300000000000000e+04,8.196300000000000000e+04,8.196300000000000000e+04,8.196300000000000000e+04,8.196300000000000000e+04,8.196300000000000000e+04,8.196300000000000000e+04,8.196300000000000000e+04,8.196300000000000000e+04,8.196300000000000000e+04,8.196300000000000000e+04,8.196300000000000000e+04,8.196300000000000000e+04,8.196300000000000000e+04,8.196300000000000000e+04,8.196300000000000000e+04,8.196300000000000000e+04,8.196300000000000000e+04,8.196300000000000000e+04,8.196300000000000000e+04,8.196300000000000000e+04,8.196300000000000000e+04,8.196300000000000000e+04,8.196300000000000000e+04,8.196300000000000000e+04,8.196300000000000000e+04,8.196300000000000000e+04,8.196300000000000000e+04,8.196300000000000000e+04,8.196300000000000000e+04,8.196300000000000000e+04,8.196300000000000000e+04,8.196300000000000000e+04,8.196300000000000000e+04,8.196300000000000000e+04,8.196300000000000000e+04,8.196300000000000000e+04,8.196300000000000000e+04,8.196300000000000000e+04,8.196300000000000000e+04,8.196300000000000000e+04,8.196300000000000000e+04,8.196300000000000000e+04,8.196300000000000000e+04,8.196300000000000000e+04,8.196300000000000000e+04,8.196300000000000000e+04,8.196300000000000000e+04,8.196300000000000000e+04,8.196300000000000000e+04,8.196300000000000000e+04,8.196300000000000000e+04,8.196300000000000000e+04,8.196300000000000000e+04,8.196300000000000000e+04,8.196300000000000000e+04,8.196300000000000000e+04,8.196300000000000000e+04,8.196300000000000000e+04,8.196300000000000000e+04,8.196300000000000000e+04,8.196300000000000000e+04,8.196300000000000000e+04,8.196300000000000000e+04,8.196300000000000000e+04,8.196300000000000000e+04,8.196300000000000000e+04,8.196300000000000000e+04,8.196300000000000000e+04,8.196300000000000000e+04,8.196300000000000000e+04,8.196300000000000000e+04,8.196300000000000000e+04,8.196300000000000000e+04,8.196300000000000000e+04,8.196300000000000000e+04
0.000000000000000000e+00,0.000000000000000000e+00,0.000000000000000000e+00,3.000000000000000000e+00,9.400000000000000000e+01,9.022000000000000000e+03,5.782000000000000000e+04,7.740000000000000000e+04,8.113300000000000000e+04,8.181700000000000000e+04,8.191200000000000000e+04,8.193000000000000000e+04,8.193500000000000000e+04,8.193500000000000000e+04,8.193500000000000000e+04,8.193500000000000000e+04,8.193500000000000000e+04,8.193500000000000000e+04,8.193500000000000000e+04,8.193500000000000000e+04,8.193500000000000000e+04,8.193500000000000000e+04,8.193500000000000000e+04,8.193500000000000000e+04,8.193500000000000000e+04,8.193500000000000000e+04,8.193500000000000000e+04,8.193500000000000000e+04,8.193500000000000000e+04,8.193500000000000000e+04,8.193500000000000000e+04,8.193500000000000000e+04,8.193500000000000000e+04,8.193500000000000000e+04,8.193500000000000000e+04,8.193500000000000000e+04,8.193500000000000000e+04,8.193500000000000000e+04,8.193500000000000000e+04,8.193500000000000000e+04,8.193500000000000000e+04,8.193500000000000000e+04,8.193500000000000000e+04,8.193500000000000000e+04,8.193500000000000000e+04,8.193500000000000000e+04,8.193500000000000000e+04,8.193500000000000000e+04,8.193500000000000000e+04,8.193500000000000000e+04,8.193500000000000000e+04,8.193500000000000000e+04,8.193500000000000000e+04,8.193500000000000000e+04,8.193500000000000000e+04,8.193500000000000000e+04,8.193500000000000000e+04,8.193500000000000000e+04,8.193500000000000000e+04,8.193500000000000000e+04,8.193500000000000000e+04,8.193500000000000000e+04,8.193500000000000000e+04,8.193500000000000000e+04,8.193500000000000000e+04,8.193500000000000000e+04,8.193500000000000000e+04,8.193500000000000000e+04,8.193500000000000000e+04,8.193500000000000000e+04,8.193500000000000000e+04,8.193500000000000000e+04,8.193500000000000000e+04,8.193500000000000000e+04,8.193500000000000000e+04,8.193500000000000000e+04,8.193500000000000000e+04,8.193500000000000000e+04,8.193500000000000000e+04,8.193500000000000000e+04,8.193500000000000000e+04,8.193500000000000000e+04,8.193500000000000000e+04,8.193500000000000000e+04,8.193500000000000000e+04,8.193500000000000000e+04,8.193500000000000000e+04,8.193500000000000000e+04,8.193500000000000000e+04,8.193500000000000000e+04,8.193500000000000000e+04,8.193500000000000000e+04,8.193500000000000000e+04,8.193500000000000000e+04,8.193500000000000000e+04,8.193500000000000000e+04,8.193500000000000000e+04,8.193500000000000000e+04,8.193500000000000000e+04,8.193500000000000000e+04,8.193500000000000000e+04
0.000000000000000000e+00,0.000000000000000000e+00,0.000000000000000000e+00,3.000000000000000000e+00,7.200000000000000000e+01,9.233000000000000000e+03,5.854700000000000000e+04,7.750400000000000000e+04,8.113500000000000000e+04,8.181300000000000000e+04,8.192000000000000000e+04,8.192900000000000000e+04,8.193000000000000000e+04,8.193000000000000000e+04,8.193000000000000000e+04,8.193000000000000000e+04,8.193000000000000000e+04,8.193000000000000000e+04,8.193000000000000000e+04,8.193000000000000000e+04,8.193000000000000000e+04,8.193000000000000000e+04,8.193000000000000000e+04,8.193000000000000000e+04,8.193000000000000000e+04,8.193000000000000000e+04,8.193000000000000000e+04,8.193000000000000000e+04,8.193000000000000000e+04,8.193000000000000000e+04,8.193000000000000000e+04,8.193000000000000000e+04,8.193000000000000000e+04,8.193000000000000000e+04,8.193000000000000000e+04,8.193000000000000000e+04,8.193000000000000000e+04,8.193000000000000000e+04,8.193000000000000000e+04,8.193000000000000000e+04,8.193000000000000000e+04,8.193000000000000000e+04,8.193000000000000000e+04,8.193000000000000000e+04,8.193000000000000000e+04,8.193000000000000000e+04,8.193000000000000000e+04,8.193000000000000000e+04,8.193000000000000000e+04,8.193000000000000000e+04,8.193000000000000000e+04,8.193000000000000000e+04,8.193000000000000000e+04,8.193000000000000000e+04,8.193000000000000000e+04,8.193000000000000000e+04,8.193000000000000000e+04,8.193000000000000000e+04,8.193000000000000000e+04,8.193000000000000000e+04,8.193000000000000000e+04,8.193000000000000000e+04,8.193000000000000000e+04,8.193000000000000000e+04,8.193000000000000000e+04,8.193000000000000000e+04,8.193000000000000000e+04,8.193000000000000000e+04,8.193000000000000000e+04,8.193000000000000000e+04,8.193000000000000000e+04,8.193000000000000000e+04,8.193000000000000000e+04,8.193000000000000000e+04,8.193000000000000000e+04,8.193000000000000000e+04,8.193000000000000000e+04,8.193000000000000000e+04,8.193000000000000000e+04,8.193000000000000000e+04,8.193000000000000000e+04,8.193000000000000000e+04,8.193000000000000000e+04,8.193000000000000000e+04,8.193000000000000000e+04,8.193000000000000000e+04,8.193000000000000000e+04,8.193000000000000000e+04,8.193000000000000000e+04,8.193000000000000000e+04,8.193000000000000000e+04,8.193000000000000000e+04,8.193000000000000000e+04,8.193000000000000000e+04,8.193000000000000000e+04,8.193000000000000000e+04,8.193000000000000000e+04,8.193000000000000000e+04,8.193000000000000000e+04,8.193000000000000000e+04,8.193000000000000000e+04
0.000000000000000000e+00,0.000000000000000000e+00,0.000000000000000000e+00,3.000000000000000000e+00,1.400000000000000000e+01,4.266000000000000000e+03,3.944500000000000000e+04,7.368500000000000000e+04,8.036900000000000000e+04,8.169900000000000000e+04,8.192100000000000000e+04,8.195200000000000000e+04,8.195400000000000000e+04,8.195500000000000000e+04,8.195500000000000000e+04,8.195500000000000000e+04,8.195500000000000000e+04,8.195500000000000000e+04,8.195500000000000000e+04,8.195500000000000000e+04,8.195500000000000000e+04,8.195500000000000000e+04,8.195500000000000000e+04,8.195500000000000000e+04,8.195500000000000000e+04,8.195500000000000000e+04,8.195500000000000000e+04,8.195500000000000000e+04,8.195500000000000000e+04,8.195500000000000000e+04,8.195500000000000000e+04,8.195500000000000000e+04,8.195500000000000000e+04,8.195500000000000000e+04,8.195500000000000000e+04,8.195500000000000000e+04,8.195500000000000000e+04,8.195500000000000000e+04,8.195500000000000000e+04,8.195500000000000000e+04,8.195500000000000000e+04,8.195500000000000000e+04,8.195500000000000000e+04,8.195500000000000000e+04,8.195500000000000000e+04,8.195500000000000000e+04,8.195500000000000000e+04,8.195500000000000000e+04,8.195500000000000000e+04,8.195500000000000000e+04,8.195500000000000000e+04,8.195500000000000000e+04,8.195500000000000000e+04,8.195500000000000000e+04,8.195500000000000000e+04,8.195500000000000000e+04,8.195500000000000000e+04,8.195500000000000000e+04,8.195500000000000000e+04,8.195500000000000000e+04,8.195500000000000000e+04,8.195500000000000000e+04,8.195500000000000000e+04,8.195500000000000000e+04,8.195500000000000000e+04,8.195500000000000000e+04,8.195500000000000000e+04,8.195500000000000000e+04,8.195500000000000000e+04,8.195500000000000000e+04,8.195500000000000000e+04,8.195500000000000000e+04,8.195500000000000000e+04,8.195500000000000000e+04,8.195500000000000000e+04,8.195500000000000000e+04,8.195500000000000000e+04,8.195500000000000000e+04,8.195500000000000000e+04,8.195500000000000000e+04,8.195500000000000000e+04,8.195500000000000000e+04,8.195500000000000000e+04,8.195500000000000000e+04,8.195500000000000000e+04,8.195500000000000000e+04,8.195500000000000000e+04,8.195500000000000000e+04,8.195500000000000000e+04,8.195500000000000000e+04,8.195500000000000000e+04,8.195500000000000000e+04,8.195500000000000000e+04,8.195500000000000000e+04,8.195500000000000000e+04,8.195500000000000000e+04,8.195500000000000000e+04,8.195500000000000000e+04,8.195500000000000000e+04,8.195500000000000000e+04,8.195500000000000000e+04
0.000000000000000000e+00,0.000000000000000000e+00,0.000000000000000000e+00,3.000000000000000000e+00,1.800000000000000000e+01,2.695000000000000000e+03,3.496500000000000000e+04,7.262300000000000000e+04,8.020700000000000000e+04,8.166800000000000000e+04,8.188800000000000000e+04,8.192700000000000000e+04,8.193300000000000000e+04,8.193300000000000000e+04,8.193400000000000000e+04,8.193400000000000000e+04,8.193400000000000000e+04,8.193400000000000000e+04,8.193400000000000000e+04,8.193400000000000000e+04,8.193400000000000000e+04,8.193400000000000000e+04,8.193400000000000000e+04,8.193400000000000000e+04,8.193400000000000000e+04,8.193400000000000000e+04,8.193400000000000000e+04,8.193400000000000000e+04,8.193400000000000000e+04,8.193400000000000000e+04,8.193400000000000000e+04,8.193400000000000000e+04,8.193400000000000000e+04,8.193400000000000000e+04,8.193400000000000000e+04,8.193400000000000000e+04,8.193400000000000000e+04,8.193400000000000000e+04,8.193400000000000000e+04,8.193400000000000000e+04,8.193400000000000000e+04,8.193400000000000000e+04,8.193400000000000000e+04,8.193400000000000000e+04,8.193400000000000000e+04,8.193400000000000000e+04,8.193400000000000000e+04,8.193400000000000000e+04,8.193400000000000000e+04,8.193400000000000000e+04,8.193400000000000000e+04,8.193400000000000000e+04,8.193400000000000000e+04,8.193400000000000000e+04,8.193400000000000000e+04,8.193400000000000000e+04,8.193400000000000000e+04,8.193400000000000000e+04,8.193400000000000000e+04,8.193400000000000000e+04,8.193400000000000000e+04,8.193400000000000000e+04,8.193400000000000000e+04,8.193400000000000000e+04,8.193400000000000000e+04,8.193400000000000000e+04,8.193400000000000000e+04,8.193400000000000000e+04,8.193400000000000000e+04,8.193400000000000000e+04,8.193400000000000000e+04,8.193400000000000000e+04,8.193400000000000000e+04,8.193400000000000000e+04,8.193400000000000000e+04,8.193400000000000000e+04,8.193400000000000000e+04,8.193400000000000000e+04,8.193400000000000000e+04,8.193400000000000000e+04,8.193400000000000000e+04,8.193400000000000000e+04,8.193400000000000000e+04,8.193400000000000000e+04,8.193400000000000000e+04,8.193400000000000000e+04,8.193400000000000000e+04,8.193400000000000000e+04,8.193400000000000000e+04,8.193400000000000000e+04,8.193400000000000000e+04,8.193400000000000000e+04,8.193400000000000000e+04,8.193400000000000000e+04,8.193400000000000000e+04,8.193400000000000000e+04,8.193400000000000000e+04,8.193400000000000000e+04,8.193400000000000000e+04,8.193400000000000000e+04,8.193400000000000000e+04
0.000000000000000000e+00,0.000000000000000000e+00,0.000000000000000000e+00,3.000000000000000000e+00,1.500000000000000000e+01,2.630000000000000000e+02,8.152000000000000000e+03,5.615900000000000000e+04,7.730600000000000000e+04,8.117300000000000000e+04,8.182800000000000000e+04,8.193300000000000000e+04,8.195000000000000000e+04,8.195200000000000000e+04,8.195200000000000000e+04,8.195200000000000000e+04,8.195200000000000000e+04,8.195200000000000000e+04,8.195200000000000000e+04,8.195200000000000000e+04,8.195200000000000000e+04,8.195200000000000000e+04,8.195200000000000000e+04,8.195200000000000000e+04,8.195200000000000000e+04,8.195200000000000000e+04,8.195200000000000000e+04,8.195200000000000000e+04,8.195200000000000000e+04,8.195200000000000000e+04,8.195200000000000000e+04,8.195200000000000000e+04,8.195200000000000000e+04,8.195200000000000000e+04,8.195200000000000000e+04,8.195200000000000000e+04,8.195200000000000000e+04,8.195200000000000000e+04,8.195200000000000000e+04,8.195200000000000000e+04,8.195200000000000000e+04,8.195200000000000000e+04,8.195200000000000000e+04,8.195200000000000000e+04,8.195200000000000000e+04,8.195200000000000000e+04,8.195200000000000000e+04,8.195200000000000000e+04,8.195200000000000000e+04,8.195200000000000000e+04,8.195200000000000000e+04,8.195200000000000000e+04,8.195200000000000000e+04,8.195200000000000000e+04,8.195200000000000000e+04,8.195200000000000000e+04,8.195200000000000000e+04,8.195200000000000000e+04,8.195200000000000000e+04,8.195200000000000000e+04,8.195200000000000000e+04,8.195200000000000000e+04,8.195200000000000000e+04,8.195200000000000000e+04,8.195200000000000000e+04,8.195200000000000000e+04,8.195200000000000000e+04,8.195200000000000000e+04,8.195200000000000000e+04,8.195200000000000000e+04,8.195200000000000000e+04,8.195200000000000000e+04,8.195200000000000000e+04,8.195200000000000000e+04,8.195200000000000000e+04,8.195200000000000000e+04,8.195200000000000000e+04,8.195200000000000000e+04,8.195200000000000000e+04,8.195200000000000000e+04,8.195200000000000000e+04,8.195200000000000000e+04,8.195200000000000000e+04,8.195200000000000000e+04,8.195200000000000000e+04,8.195200000000000000e+04,8.195200000000000000e+04,8.195200000000000000e+04,8.195200000000000000e+04,8.195200000000000000e+04,8.195200000000000000e+04,8.195200000000000000e+04,8.195200000000000000e+04,8.195200000000000000e+04,8.195200000000000000e+04,8.195200000000000000e+04,8.195200000000000000e+04,8.195200000000000000e+04,8.195200000000000000e+04,8.195200000000000000e+04,8.195200000000000000e+04
0.000000000000000000e+00,0.000000000000000000e+00,0.000000000000000000e+00,3.000000000000000000e+00,2.600000000000000000e+01,1.227000000000000000e+03,3.153800000000000000e+04,7.166400000000000000e+04,8.003800000000000000e+04,8.166000000000000000e+04,8.187900000000000000e+04,8.192300000000000000e+04,8.192800000000000000e+04,8.193000000000000000e+04,8.193100000000000000e+04,8.193100000000000000e+04,8.193100000000000000e+04,8.193100000000000000e+04,8.193100000000000000e+04,8.193100000000000000e+04,8.193100000000000000e+04,8.193100000000000000e+04,8.193100000000000000e+04,8.193100000000000000e+04,8.193100000000000000e+04,8.193100000000000000e+04,8.193100000000000000e+04,8.193100000000000000e+04,8.193100000000000000e+04,8.193100000000000000e+04,8.193100000000000000e+04,8.193100000000000000e+04,8.193100000000000000e+04,8.193100000000000000e+04,8.193100000000000000e+04,8.193100000000000000e+04,8.193100000000000000e+04,8.193100000000000000e+04,8.193100000000000000e+04,8.193100000000000000e+04,8.193100000000000000e+04,8.193100000000000000e+04,8.193100000000000000e+04,8.193100000000000000e+04,8.193100000000000000e+04,8.193100000000000000e+04,8.193100000000000000e+04,8.193100000000000000e+04,8.193100000000000000e+04,8.193100000000000000e+04,8.193100000000000000e+04,8.193100000000000000e+04,8.193100000000000000e+04,8.193100000000000000e+04,8.193100000000000000e+04,8.193100000000000000e+04,8.193100000000000000e+04,8.193100000000000000e+04,8.193100000000000000e+04,8.193100000000000000e+04,8.193100000000000000e+04,8.193100000000000000e+04,8.193100000000000000e+04,8.193100000000000000e+04,8.193100000000000000e+04,8.193100000000000000e+04,8.193100000000000000e+04,8.193100000000000000e+04,8.193100000000000000e+04,8.193100000000000000e+04,8.193100000000000000e+04,8.193100000000000000e+04,8.193100000000000000e+04,8.193100000000000000e+04,8.193100000000000000e+04,8.193100000000000000e+04,8.193100000000000000e+04,8.193100000000000000e+04,8.193100000000000000e+04,8.193100000000000000e+04,8.193100000000000000e+04,8.193100000000000000e+04,8.193100000000000000e+04,8.193100000000000000e+04,8.193100000000000000e+04,8.193100000000000000e+04,8.193100000000000000e+04,8.193100000000000000e+04,8.193100000000000000e+04,8.193100000000000000e+04,8.193100000000000000e+04,8.193100000000000000e+04,8.193100000000000000e+04,8.193100000000000000e+04,8.193100000000000000e+04,8.193100000000000000e+04,8.193100000000000000e+04,8.193100000000000000e+04,8.193100000000000000e+04,8.193100000000000000e+04,8.193100000000000000e+04
0.000000000000000000e+00,0.000000000000000000e+00,0.000000000000000000e+00,3.000000000000000000e+00,9.000000000000000000e+00,1.088000000000000000e+03,2.918500000000000000e+04,7.084000000000000000e+04,7.978700000000000000e+04,8.157000000000000000e+04,8.186900000000000000e+04,8.191100000000000000e+04,8.191800000000000000e+04,8.191900000000000000e+04,8.192000000000000000e+04,8.192000000000000000e+04,8.192000000000000000e+04,8.192000000000000000e+04,8.192000000000000000e+04,8.192000000000000000e+04,8.192000000000000000e+04,8.192000000000000000e+04,8.192000000000000000e+04,8.192000000000000000e+04,8.192000000000000000e+04,8.192000000000000000e+04,8.192000000000000000e+04,8.192000000000000000e+04,8.192000000000000000e+04,8.192000000000000000e+04,8.192000000000000000e+04,8.192000000000000000e+04,8.192000000000000000e+04,8.192000000000000000e+04,8.192000000000000000e+04,8.192000000000000000e+04,8.192000000000000000e+04,8.192000000000000000e+04,8.192000000000000000e+04,8.192000000000000000e+04,8.192000000000000000e+04,8.192000000000000000e+04,8.192000000000000000e+04,8.192000000000000000e+04,8.192000000000000000e+04,8.192000000000000000e+04,8.192000000000000000e+04,8.192000000000000000e+04,8.192000000000000000e+04,8.192000000000000000e+04,8.192000000000000000e+04,8.192000000000000000e+04,8.192000000000000000e+04,8.192000000000000000e+04,8.192000000000000000e+04,8.192000000000000000e+04,8.192000000000000000e+04,8.192000000000000000e+04,8.192000000000000000e+04,8.192000000000000000e+04,8.192000000000000000e+04,8.192000000000000000e+04,8.192000000000000000e+04,8.192000000000000000e+04,8.192000000000000000e+04,8.192000000000000000e+04,8.192000000000000000e+04,8.192000000000000000e+04,8.192000000000000000e+04,8.192000000000000000e+04,8.192000000000000000e+04,8.192000000000000000e+04,8.192000000000000000e+04,8.192000000000000000e+04,8.192000000000000000e+04,8.192000000000000000e+04,8.192000000000000000e+04,8.192000000000000000e+04,8.192000000000000000e+04,8.192000000000000000e+04,8.192000000000000000e+04,8.192000000000000000e+04,8.192000000000000000e+04,8.192000000000000000e+04,8.192000000000000000e+04,8.192000000000000000e+04,8.192000000000000000e+04,8.192000000000000000e+04,8.192000000000000000e+04,8.192000000000000000e+04,8.192000000000000000e+04,8.192000000000000000e+04,8.192000000000000000e+04,8.192000000000000000e+04,8.192000000000000000e+04,8.192000000000000000e+04,8.192000000000000000e+04,8.192000000000000000e+04,8.192000000000000000e+04,8.192000000000000000e+04,8.192000000000000000e+04
0.000000000000000000e+00,0.000000000000000000e+00,0.000000000000000000e+00,3.000000000000000000e+00,2.300000000000000000e+01,4.819000000000000000e+03,4.131400000000000000e+04,7.416100000000000000e+04,8.049300000000000000e+04,8.174900000000000000e+04,8.193300000000000000e+04,8.196600000000000000e+04,8.197100000000000000e+04,8.197200000000000000e+04,8.197200000000000000e+04,8.197200000000000000e+04,8.197200000000000000e+04,8.197200000000000000e+04,8.197200000000000000e+04,8.197200000000000000e+04,8.197200000000000000e+04,8.197200000000000000e+04,8.197200000000000000e+04,8.197200000000000000e+04,8.197200000000000000e+04,8.197200000000000000e+04,8.197200000000000000e+04,8.197200000000000000e+04,8.197200000000000000e+04,8.197200000000000000e+04,8.197200000000000000e+04,8.197200000000000000e+04,8.197200000000000000e+04,8.197200000000000000e+04,8.197200000000000000e+04,8.197200000000000000e+04,8.197200000000000000e+04,8.197200000000000000e+04,8.197200000000000000e+04,8.197200000000000000e+04,8.197200000000000000e+04,8.197200000000000000e+04,8.197200000000000000e+04,8.197200000000000000e+04,8.197200000000000000e+04,8.197200000000000000e+04,8.197200000000000000e+04,8.197200000000000000e+04,8.197200000000000000e+04,8.197200000000000000e+04,8.197200000000000000e+04,8.197200000000000000e+04,8.197200000000000000e+04,8.197200000000000000e+04,8.197200000000000000e+04,8.197200000000000000e+04,8.197200000000000000e+04,8.197200000000000000e+04,8.197200000000000000e+04,8.197200000000000000e+04,8.197200000000000000e+04,8.197200000000000000e+04,8.197200000000000000e+04,8.197200000000000000e+04,8.197200000000000000e+04,8.197200000000000000e+04,8.197200000000000000e+04,8.197200000000000000e+04,8.197200000000000000e+04,8.197200000000000000e+04,8.197200000000000000e+04,8.197200000000000000e+04,8.197200000000000000e+04,8.197200000000000000e+04,8.197200000000000000e+04,8.197200000000000000e+04,8.197200000000000000e+04,8.197200000000000000e+04,8.197200000000000000e+04,8.197200000000000000e+04,8.197200000000000000e+04,8.197200000000000000e+04,8.197200000000000000e+04,8.197200000000000000e+04,8.197200000000000000e+04,8.197200000000000000e+04,8.197200000000000000e+04,8.197200000000000000e+04,8.197200000000000000e+04,8.197200000000000000e+04,8.197200000000000000e+04,8.197200000000000000e+04,8.197200000000000000e+04,8.197200000000000000e+04,8.197200000000000000e+04,8.197200000000000000e+04,8.197200000000000000e+04,8.197200000000000000e+04,8.197200000000000000e+04,8.197200000000000000e+04,8.197200000000000000e+04
0.000000000000000000e+00,0.000000000000000000e+00,0.000000000000000000e+00,3.000000000000000000e+00,9.000000000000000000e+00,3.350000000000000000e+02,1.769400000000000000e+04,6.606800000000000000e+04,7.901700000000000000e+04,8.143100000000000000e+04,8.183600000000000000e+04,8.190400000000000000e+04,8.191400000000000000e+04,8.191500000000000000e+04,8.191600000000000000e+04,8.191600000000000000e+04,8.191600000000000000e+04,8.191600000000000000e+04,8.191600000000000000e+04,8.191600000000000000e+04,8.191600000000000000e+04,8.191600000000000000e+04,8.191600000000000000e+04,8.191600000000000000e+04,8.191600000000000000e+04,8.191600000000000000e+04,8.191600000000000000e+04,8.191600000000000000e+04,8.191600000000000000e+04,8.191600000000000000e+04,8.191600000000000000e+04,8.191600000000000000e+04,8.191600000000000000e+04,8.191600000000000000e+04,8.191600000000000000e+04,8.191600000000000000e+04,8.191600000000000000e+04,8.191600000000000000e+04,8.191600000000000000e+04,8.191600000000000000e+04,8.191600000000000000e+04,8.191600000000000000e+04,8.191600000000000000e+04,8.191600000000000000e+04,8.191600000000000000e+04,8.191600000000000000e+04,8.191600000000000000e+04,8.191600000000000000e+04,8.191600000000000000e+04,8.191600000000000000e+04,8.191600000000000000e+04,8.191600000000000000e+04,8.191600000000000000e+04,8.191600000000000000e+04,8.191600000000000000e+04,8.191600000000000000e+04,8.191600000000000000e+04,8.191600000000000000e+04,8.191600000000000000e+04,8.191600000000000000e+04,8.191600000000000000e+04,8.191600000000000000e+04,8.191600000000000000e+04,8.191600000000000000e+04,8.191600000000000000e+04,8.191600000000000000e+04,8.191600000000000000e+04,8.191600000000000000e+04,8.191600000000000000e+04,8.191600000000000000e+04,8.191600000000000000e+04,8.191600000000000000e+04,8.191600000000000000e+04,8.191600000000000000e+04,8.191600000000000000e+04,8.191600000000000000e+04,8.191600000000000000e+04,8.191600000000000000e+04,8.191600000000000000e+04,8.191600000000000000e+04,8.191600000000000000e+04,8.191600000000000000e+04,8.191600000000000000e+04,8.191600000000000000e+04,8.191600000000000000e+04,8.191600000000000000e+04,8.191600000000000000e+04,8.191600000000000000e+04,8.191600000000000000e+04,8.191600000000000000e+04,8.191600000000000000e+04,8.191600000000000000e+04,8.191600000000000000e+04,8.191600000000000000e+04,8.191600000000000000e+04,8.191600000000000000e+04,8.191600000000000000e+04,8.191600000000000000e+04,8.191600000000000000e+04,8.191600000000000000e+04,8.191600000000000000e+04
0.000000000000000000e+00,0.000000000000000000e+00,0.000000000000000000e+00,3.000000000000000000e+00,1.100000000000000000e+01,2.399000000000000000e+03,2.960200000000000000e+04,7.055400000000000000e+04,7.983100000000000000e+04,8.159400000000000000e+04,8.186700000000000000e+04,8.191600000000000000e+04,8.192400000000000000e+04,8.192500000000000000e+04,8.192500000000000000e+04,8.192500000000000000e+04,8.192500000000000000e+04,8.192500000000000000e+04,8.192500000000000000e+04,8.192500000000000000e+04,8.192500000000000000e+04,8.192500000000000000e+04,8.192500000000000000e+04,8.192500000000000000e+04,8.192500000000000000e+04,8.192500000000000000e+04,8.192500000000000000e+04,8.192500000000000000e+04,8.192500000000000000e+04,8.192500000000000000e+04,8.192500000000000000e+04,8.192500000000000000e+04,8.192500000000000000e+04,8.192500000000000000e+04,8.192500000000000000e+04,8.192500000000000000e+04,8.192500000000000000e+04,8.192500000000000000e+04,8.192500000000000000e+04,8.192500000000000000e+04,8.192500000000000000e+04,8.192500000000000000e+04,8.192500000000000000e+04,8.192500000000000000e+04,8.192500000000000000e+04,8.192500000000000000e+04,8.192500000000000000e+04,8.192500000000000000e+04,8.192500000000000000e+04,8.192500000000000000e+04,8.192500000000000000e+04,8.192500000000000000e+04,8.192500000000000000e+04,8.192500000000000000e+04,8.192500000000000000e+04,8.192500000000000000e+04,8.192500000000000000e+04,8.192500000000000000e+04,8.192500000000000000e+04,8.192500000000000000e+04,8.192500000000000000e+04,8.192500000000000000e+04,8.192500000000000000e+04,8.192500000000000000e+04,8.192500000000000000e+04,8.192500000000000000e+04,8.192500000000000000e+04,8.192500000000000000e+04,8.192500000000000000e+04,8.192500000000000000e+04,8.192500000000000000e+04,8.192500000000000000e+04,8.192500000000000000e+04,8.192500000000000000e+04,8.192500000000000000e+04,8.192500000000000000e+04,8.192500000000000000e+04,8.192500000000000000e+04,8.192500000000000000e+04,8.192500000000000000e+04,8.192500000000000000e+04,8.192500000000000000e+04,8.192500000000000000e+04,8.192500000000000000e+04,8.192500000000000000e+04,8.192500000000000000e+04,8.192500000000000000e+04,8.192500000000000000e+04,8.192500000000000000e+04,8.192500000000000000e+04,8.192500000000000000e+04,8.192500000000000000e+04,8.192500000000000000e+04,8.192500000000000000e+04,8.192500000000000000e+04,8.192500000000000000e+04,8.192500000000000000e+04,8.192500000000000000e+04,8.192500000000000000e+04,8.192500000000000000e+04,8.192500000000000000e+04
0.000000000000000000e+00,0.000000000000000000e+00,0.000000000000000000e+00,3.000000000000000000e+00,2.600000000000000000e+01,1.334000000000000000e+03,3.030900000000000000e+04,7.152000000000000000e+04,7.993500000000000000e+04,8.166500000000000000e+04,8.190600000000000000e+04,8.194700000000000000e+04,8.195000000000000000e+04,8.195200000000000000e+04,8.195200000000000000e+04,8.195200000000000000e+04,8.195200000000000000e+04,8.195200000000000000e+04,8.195200000000000000e+04,8.195200000000000000e+04,8.195200000000000000e+04,8.195200000000000000e+04,8.195200000000000000e+04,8.195200000000000000e+04,8.195200000000000000e+04,8.195200000000000000e+04,8.195200000000000000e+04,8.195200000000000000e+04,8.195200000000000000e+04,8.195200000000000000e+04,8.195200000000000000e+04,8.195200000000000000e+04,8.195200000000000000e+04,8.195200000000000000e+04,8.195200000000000000e+04,8.195200000000000000e+04,8.195200000000000000e+04,8.195200000000000000e+04,8.195200000000000000e+04,8.195200000000000000e+04,8.195200000000000000e+04,8.195200000000000000e+04,8.195200000000000000e+04,8.195200000000000000e+04,8.195200000000000000e+04,8.195200000000000000e+04,8.195200000000000000e+04,8.195200000000000000e+04,8.195200000000000000e+04,8.195200000000000000e+04,8.195200000000000000e+04,8.195200000000000000e+04,8.195200000000000000e+04,8.195200000000000000e+04,8.195200000000000000e+04,8.195200000000000000e+04,8.195200000000000000e+04,8.195200000000000000e+04,8.195200000000000000e+04,8.195200000000000000e+04,8.195200000000000000e+04,8.195200000000000000e+04,8.195200000000000000e+04,8.195200000000000000e+04,8.195200000000000000e+04,8.195200000000000000e+04,8.195200000000000000e+04,8.195200000000000000e+04,8.195200000000000000e+04,8.195200000000000000e+04,8.195200000000000000e+04,8.195200000000000000e+04,8.195200000000000000e+04,8.195200000000000000e+04,8.195200000000000000e+04,8.195200000000000000e+04,8.195200000000000000e+04,8.195200000000000000e+04,8.195200000000000000e+04,8.195200000000000000e+04,8.195200000000000000e+04,8.195200000000000000e+04,8.195200000000000000e+04,8.195200000000000000e+04,8.195200000000000000e+04,8.195200000000000000e+04,8.195200000000000000e+04,8.195200000000000000e+04,8.195200000000000000e+04,8.195200000000000000e+04,8.195200000000000000e+04,8.195200000000000000e+04,8.195200000000000000e+04,8.195200000000000000e+04,8.195200000000000000e+04,8.195200000000000000e+04,8.195200000000000000e+04,8.195200000000000000e+04,8.195200000000000000e+04,8.195200000000000000e+04,8.195200000000000000e+04
0.000000000000000000e+00,0.000000000000000000e+00,0.000000000000000000e+00,3.000000000000000000e+00,3.600000000000000000e+01,2.813000000000000000e+03,3.833400000000000000e+04,7.361000000000000000e+04,8.042600000000000000e+04,8.175000000000000000e+04,8.192400000000000000e+04,8.194800000000000000e+04,8.195300000000000000e+04,8.195400000000000000e+04,8.195400000000000000e+04,8.195400000000000000e+04,8.195400000000000000e+04,8.195400000000000000e+04,8.195400000000000000e+04,8.195400000000000000e+04,8.195400000000000000e+04,8.195400000000000000e+04,8.195400000000000000e+04,8.195400000000000000e+04,8.195400000000000000e+04,8.195400000000000000e+04,8.195400000000000000e+04,8.195400000000000000e+04,8.195400000000000000e+04,8.195400000000000000e+04,8.195400000000000000e+04,8.195400000000000000e+04,8.195400000000000000e+04,8.195400000000000000e+04,8.195400000000000000e+04,8.195400000000000000e+04,8.195400000000000000e+04,8.195400000000000000e+04,8.195400000000000000e+04,8.195400000000000000e+04,8.195400000000000000e+04,8.195400000000000000e+04,8.195400000000000000e+04,8.195400000000000000e+04,8.195400000000000000e+04,8.195400000000000000e+04,8.195400000000000000e+04,8.195400000000000000e+04,8.195400000000000000e+04,8.195400000000000000e+04,8.195400000000000000e+04,8.195400000000000000e+04,8.195400000000000000e+04,8.195400000000000000e+04,8.195400000000000000e+04,8.195400000000000000e+04,8.195400000000000000e+04,8.195400000000000000e+04,8.195400000000000000e+04,8.195400000000000000e+04,8.195400000000000000e+04,8.195400000000000000e+04,8.195400000000000000e+04,8.195400000000000000e+04,8.195400000000000000e+04,8.195400000000000000e+04,8.195400000000000000e+04,8.195400000000000000e+04,8.195400000000000000e+04,8.195400000000000000e+04,8.195400000000000000e+04,8.195400000000000000e+04,8.195400000000000000e+04,8.195400000000000000e+04,8.195400000000000000e+04,8.195400000000000000e+04,8.195400000000000000e+04,8.195400000000000000e+04,8.195400000000000000e+04,8.195400000000000000e+04,8.195400000000000000e+04,8.195400000000000000e+04,8.195400000000000000e+04,8.195400000000000000e+04,8.195400000000000000e+04,8.195400000000000000e+04,8.195400000000000000e+04,8.195400000000000000e+04,8.195400000000000000e+04,8.195400000000000000e+04,8.195400000000000000e+04,8.195400000000000000e+04,8.195400000000000000e+04,8.195400000000000000e+04,8.195400000000000000e+04,8.195400000000000000e+04,8.195400000000000000e+04,8.195400000000000000e+04,8.195400000000000000e+04,8.195400000000000000e+04,8.195400000000000000e+04
0.000000000000000000e+00,0.000000000000000000e+00,0.000000000000000000e+00,3.000000000000000000e+00,1.000000000000000000e+01,2.720000000000000000e+02,1.470500000000000000e+04,6.340900000000000000e+04,7.847900000000000000e+04,8.132600000000000000e+04,8.185700000000000000e+04,8.194400000000000000e+04,8.195200000000000000e+04,8.195300000000000000e+04,8.195300000000000000e+04,8.195300000000000000e+04,8.195300000000000000e+04,8.195300000000000000e+04,8.195300000000000000e+04,8.195300000000000000e+04,8.195300000000000000e+04,8.195300000000000000e+04,8.195300000000000000e+04,8.195300000000000000e+04,8.195300000000000000e+04,8.195300000000000000e+04,8.195300000000000000e+04,8.195300000000000000e+04,8.195300000000000000e+04,8.195300000000000000e+04,8.195300000000000000e+04,8.195300000000000000e+04,8.195300000000000000e+04,8.195300000000000000e+04,8.195300000000000000e+04,8.195300000000000000e+04,8.195300000000000000e+04,8.195300000000000000e+04,8.195300000000000000e+04,8.195300000000000000e+04,8.195300000000000000e+04,8.195300000000000000e+04,8.195300000000000000e+04,8.195300000000000000e+04,8.195300000000000000e+04,8.195300000000000000e+04,8.195300000000000000e+04,8.195300000000000000e+04,8.195300000000000000e+04,8.195300000000000000e+04,8.195300000000000000e+04,8.195300000000000000e+04,8.195300000000000000e+04,8.195300000000000000e+04,8.195300000000000000e+04,8.195300000000000000e+04,8.195300000000000000e+04,8.195300000000000000e+04,8.195300000000000000e+04,8.195300000000000000e+04,8.195300000000000000e+04,8.195300000000000000e+04,8.195300000000000000e+04,8.195300000000000000e+04,8.195300000000000000e+04,8.195300000000000000e+04,8.195300000000000000e+04,8.195300000000000000e+04,8.195300000000000000e+04,8.195300000000000000e+04,8.195300000000000000e+04,8.195300000000000000e+04,8.195300000000000000e+04,8.195300000000000000e+04,8.195300000000000000e+04,8.195300000000000000e+04,8.195300000000000000e+04,8.195300000000000000e+04,8.195300000000000000e+04,8.195300000000000000e+04,8.195300000000000000e+04,8.195300000000000000e+04,8.195300000000000000e+04,8.195300000000000000e+04,8.195300000000000000e+04,8.195300000000000000e+04,8.195300000000000000e+04,8.195300000000000000e+04,8.195300000000000000e+04,8.195300000000000000e+04,8.195300000000000000e+04,8.195300000000000000e+04,8.195300000000000000e+04,8.195300000000000000e+04,8.195300000000000000e+04,8.195300000000000000e+04,8.195300000000000000e+04,8.195300000000000000e+04,8.195300000000000000e+04,8.195300000000000000e+04,8.195300000000000000e+04
0.000000000000000000e+00,0.000000000000000000e+00,0.000000000000000000e+00,3.000000000000000000e+00,1.000000000000000000e+01,2.556000000000000000e+03,3.345900000000000000e+04,7.219300000000000000e+04,8.009900000000000000e+04,8.167400000000000000e+04,8.191200000000000000e+04,8.194500000000000000e+04,8.194800000000000000e+04,8.194800000000000000e+04,8.194800000000000000e+04,8.194800000000000000e+04,8.194800000000000000e+04,8.194800000000000000e+04,8.194800000000000000e+04,8.194800000000000000e+04,8.194800000000000000e+04,8.194800000000000000e+04,8.194800000000000000e+04,8.194800000000000000e+04,8.194800000000000000e+04,8.194800000000000000e+04,8.194800000000000000e+04,8.194800000000000000e+04,8.194800000000000000e+04,8.194800000000000000e+04,8.194800000000000000e+04,8.194800000000000000e+04,8.194800000000000000e+04,8.194800000000000000e+04,8.194800000000000000e+04,8.194800000000000000e+04,8.194800000000000000e+04,8.194800000000000000e+04,8.194800000000000000e+04,8.194800000000000000e+04,8.194800000000000000e+04,8.194800000000000000e+04,8.194800000000000000e+04,8.194800000000000000e+04,8.194800000000000000e+04,8.194800000000000000e+04,8.194800000000000000e+04,8.194800000000000000e+04,8.194800000000000000e+04,8.194800000000000000e+04,8.194800000000000000e+04,8.194800000000000000e+04,8.194800000000000000e+04,8.194800000000000000e+04,8.194800000000000000e+04,8.194800000000000000e+04,8.194800000000000000e+04,8.194800000000000000e+04,8.194800000000000000e+04,8.194800000000000000e+04,8.194800000000000000e+04,8.194800000000000000e+04,8.194800000000000000e+04,8.194800000000000000e+04,8.194800000000000000e+04,8.194800000000000000e+04,8.194800000000000000e+04,8.194800000000000000e+04,8.194800000000000000e+04,8.194800000000000000e+04,8.194800000000000000e+04,8.194800000000000000e+04,8.194800000000000000e+04,8.194800000000000000e+04,8.194800000000000000e+04,8.194800000000000000e+04,8.194800000000000000e+04,8.194800000000000000e+04,8.194800000000000000e+04,8.194800000000000000e+04,8.194800000000000000e+04,8.194800000000000000e+04,8.194800000000000000e+04,8.194800000000000000e+04,8.194800000000000000e+04,8.194800000000000000e+04,8.194800000000000000e+04,8.194800000000000000e+04,8.194800000000000000e+04,8.194800000000000000e+04,8.194800000000000000e+04,8.194800000000000000e+04,8.194800000000000000e+04,8.194800000000000000e+04,8.194800000000000000e+04,8.194800000000000000e+04,8.194800000000000000e+04,8.194800000000000000e+04,8.194800000000000000e+04,8.194800000000000000e+04,8.194800000000000000e+04
0.000000000000000000e+00,0.000000000000000000e+00,0.000000000000000000e+00,3.000000000000000000e+00,5.000000000000000000e+00,2.770000000000000000e+02,1.403400000000000000e+04,6.386000000000000000e+04,7.855500000000000000e+04,8.137900000000000000e+04,8.186700000000000000e+04,8.192900000000000000e+04,8.194400000000000000e+04,8.194500000000000000e+04,8.194500000000000000e+04,8.194500000000000000e+04,8.194500000000000000e+04,8.194500000000000000e+04,8.194500000000000000e+04,8.194500000000000000e+04,8.194500000000000000e+04,8.194500000000000000e+04,8.194500000000000000e+04,8.194500000000000000e+04,8.194500000000000000e+04,8.194500000000000000e+04,8.194500000000000000e+04,8.194500000000000000e+04,8.194500000000000000e+04,8.194500000000000000e+04,8.194500000000000000e+04,8.194500000000000000e+04,8.194500000000000000e+04,8.194500000000000000e+04,8.194500000000000000e+04,8.194500000000000000e+04,8.194500000000000000e+04,8.194500000000000000e+04,8.194500000000000000e+04,8.194500000000000000e+04,8.194500000000000000e+04,8.194500000000000000e+04,8.194500000000000000e+04,8.194500000000000000e+04,8.194500000000000000e+04,8.194500000000000000e+04,8.194500000000000000e+04,8.194500000000000000e+04,8.194500000000000000e+04,8.194500000000000000e+04,8.194500000000000000e+04,8.194500000000000000e+04,8.194500000000000000e+04,8.194500000000000000e+04,8.194500000000000000e+04,8.194500000000000000e+04,8.194500000000000000e+04,8.194500000000000000e+04,8.194500000000000000e+04,8.194500000000000000e+04,8.194500000000000000e+04,8.194500000000000000e+04,8.194500000000000000e+04,8.194500000000000000e+04,8.194500000000000000e+04,8.194500000000000000e+04,8.194500000000000000e+04,8.194500000000000000e+04,8.194500000000000000e+04,8.194500000000000000e+04,8.194500000000000000e+04,8.194500000000000000e+04,8.194500000000000000e+04,8.194500000000000000e+04,8.194500000000000000e+04,8.194500000000000000e+04,8.194500000000000000e+04,8.194500000000000000e+04,8.194500000000000000e+04,8.194500000000000000e+04,8.194500000000000000e+04,8.194500000000000000e+04,8.194500000000000000e+04,8.194500000000000000e+04,8.194500000000000000e+04,8.194500000000000000e+04,8.194500000000000000e+04,8.194500000000000000e+04,8.194500000000000000e+04,8.194500000000000000e+04,8.194500000000000000e+04,8.194500000000000000e+04,8.194500000000000000e+04,8.194500000000000000e+04,8.194500000000000000e+04,8.194500000000000000e+04,8.194500000000000000e+04,8.194500000000000000e+04,8.194500000000000000e+04,8.194500000000000000e+04,8.194500000000000000e+04
0.000000000000000000e+00,0.000000000000000000e+00,0.000000000000000000e+00,3.000000000000000000e+00,2.500000000000000000e+01,1.190000000000000000e+03,2.798200000000000000e+04,7.031000000000000000e+04,7.974200000000000000e+04,8.158800000000000000e+04,8.188400000000000000e+04,8.190700000000000000e+04,8.191100000000000000e+04,8.191200000000000000e+04,8.191200000000000000e+04,8.191200000000000000e+04,8.191200000000000000e+04,8.191200000000000000e+04,8.191200000000000000e+04,8.191200000000000000e+04,8.191200000000000000e+04,8.191200000000000000e+04,8.191200000000000000e+04,8.191200000000000000e+04,8.191200000000000000e+04,8.191200000000000000e+04,8.191200000000000000e+04,8.191200000000000000e+04,8.191200000000000000e+04,8.191200000000000000e+04,8.191200000000000000e+04,8.191200000000000000e+04,8.191200000000000000e+04,8.191200000000000000e+04,8.191200000000000000e+04,8.191200000000000000e+04,8.191200000000000000e+04,8.191200000000000000e+04,8.191200000000000000e+04,8.191200000000000000e+04,8.191200000000000000e+04,8.191200000000000000e+04,8.191200000000000000e+04,8.191200000000000000e+04,8.191200000000000000e+04,8.191200000000000000e+04,8.191200000000000000e+04,8.191200000000000000e+04,8.191200000000000000e+04,8.191200000000000000e+04,8.191200000000000000e+04,8.191200000000000000e+04,8.191200000000000000e+04,8.191200000000000000e+04,8.191200000000000000e+04,8.191200000000000000e+04,8.191200000000000000e+04,8.191200000000000000e+04,8.191200000000000000e+04,8.191200000000000000e+04,8.191200000000000000e+04,8.191200000000000000e+04,8.191200000000000000e+04,8.191200000000000000e+04,8.191200000000000000e+04,8.191200000000000000e+04,8.191200000000000000e+04,8.191200000000000000e+04,8.191200000000000000e+04,8.191200000000000000e+04,8.191200000000000000e+04,8.191200000000000000e+04,8.191200000000000000e+04,8.191200000000000000e+04,8.191200000000000000e+04,8.191200000000000000e+04,8.191200000000000000e+04,8.191200000000000000e+04,8.191200000000000000e+04,8.191200000000000000e+04,8.191200000000000000e+04,8.191200000000000000e+04,8.191200000000000000e+04,8.191200000000000000e+04,8.191200000000000000e+04,8.191200000000000000e+04,8.191200000000000000e+04,8.191200000000000000e+04,8.191200000000000000e+04,8.191200000000000000e+04,8.191200000000000000e+04,8.191200000000000000e+04,8.191200000000000000e+04,8.191200000000000000e+04,8.191200000000000000e+04,8.191200000000000000e+04,8.191200000000000000e+04,8.191200000000000000e+04,8.191200000000000000e+04,8.191200000000000000e+04,8.191200000000000000e+04
0.000000000000000000e+00,0.000000000000000000e+00,0.000000000000000000e+00,3.000000000000000000e+00,9.000000000000000000e+00,2.910000000000000000e+02,1.532300000000000000e+04,6.455300000000000000e+04,7.867400000000000000e+04,8.142100000000000000e+04,8.187300000000000000e+04,8.193800000000000000e+04,8.194500000000000000e+04,8.194500000000000000e+04,8.194500000000000000e+04,8.194500000000000000e+04,8.194500000000000000e+04,8.194500000000000000e+04,8.194500000000000000e+04,8.194500000000000000e+04,8.194500000000000000e+04,8.194500000000000000e+04,8.194500000000000000e+04,8.194500000000000000e+04,8.194500000000000000e+04,8.194500000000000000e+04,8.194500000000000000e+04,8.194500000000000000e+04,8.194500000000000000e+04,8.194500000000000000e+04,8.194500000000000000e+04,8.194500000000000000e+04,8.194500000000000000e+04,8.194500000000000000e+04,8.194500000000000000e+04,8.194500000000000000e+04,8.194500000000000000e+04,8.194500000000000000e+04,8.194500000000000000e+04,8.194500000000000000e+04,8.194500000000000000e+04,8.194500000000000000e+04,8.194500000000000000e+04,8.194500000000000000e+04,8.194500000000000000e+04,8.194500000000000000e+04,8.194500000000000000e+04,8.194500000000000000e+04,8.194500000000000000e+04,8.194500000000000000e+04,8.194500000000000000e+04,8.194500000000000000e+04,8.194500000000000000e+04,8.194500000000000000e+04,8.194500000000000000e+04,8.194500000000000000e+04,8.194500000000000000e+04,8.194500000000000000e+04,8.194500000000000000e+04,8.194500000000000000e+04,8.194500000000000000e+04,8.194500000000000000e+04,8.194500000000000000e+04,8.194500000000000000e+04,8.194500000000000000e+04,8.194500000000000000e+04,8.194500000000000000e+04,8.194500000000000000e+04,8.194500000000000000e+04,8.194500000000000000e+04,8.194500000000000000e+04,8.194500000000000000e+04,8.194500000000000000e+04,8.194500000000000000e+04,8.194500000000000000e+04,8.194500000000000000e+04,8.194500000000000000e+04,8.194500000000000000e+04,8.194500000000000000e+04,8.194500000000000000e+04,8.194500000000000000e+04,8.194500000000000000e+04,8.194500000000000000e+04,8.194500000000000000e+04,8.194500000000000000e+04,8.194500000000000000e+04,8.194500000000000000e+04,8.194500000000000000e+04,8.194500000000000000e+04,8.194500000000000000e+04,8.194500000000000000e+04,8.194500000000000000e+04,8.194500000000000000e+04,8.194500000000000000e+04,8.194500000000000000e+04,8.194500000000000000e+04,8.194500000000000000e+04,8.194500000000000000e+04,8.194500000000000000e+04,8.194500000000000000e+04,8.194500000000000000e+04
0.000000000000000000e+00,0.000000000000000000e+00,0.000000000000000000e+00,3.000000000000000000e+00,3.110000000000000000e+02,2.041800000000000000e+04,6.734500000000000000e+04,7.918200000000000000e+04,8.151300000000000000e+04,8.190000000000000000e+04,8.195000000000000000e+04,8.195900000000000000e+04,8.195900000000000000e+04,8.195900000000000000e+04,8.195900000000000000e+04,8.195900000000000000e+04,8.195900000000000000e+04,8.195900000000000000e+04,8.195900000000000000e+04,8.195900000000000000e+04,8.195900000000000000e+04,8.195900000000000000e+04,8.195900000000000000e+04,8.195900000000000000e+04,8.195900000000000000e+04,8.195900000000000000e+04,8.195900000000000000e+04,8.195900000000000000e+04,8.195900000000000000e+04,8.195900000000000000e+04,8.195900000000000000e+04,8.195900000000000000e+04,8.195900000000000000e+04,8.195900000000000000e+04,8.195900000000000000e+04,8.195900000000000000e+04,8.195900000000000000e+04,8.195900000000000000e+04,8.195900000000000000e+04,8.195900000000000000e+04,8.195900000000000000e+04,8.195900000000000000e+04,8.195900000000000000e+04,8.195900000000000000e+04,8.195900000000000000e+04,8.195900000000000000e+04,8.195900000000000000e+04,8.195900000000000000e+04,8.195900000000000000e+04,8.195900000000000000e+04,8.195900000000000000e+04,8.195900000000000000e+04,8.195900000000000000e+04,8.195900000000000000e+04,8.195900000000000000e+04,8.195900000000000000e+04,8.195900000000000000e+04,8.195900000000000000e+04,8.195900000000000000e+04,8.195900000000000000e+04,8.195900000000000000e+04,8.195900000000000000e+04,8.195900000000000000e+04,8.195900000000000000e+04,8.195900000000000000e+04,8.195900000000000000e+04,8.195900000000000000e+04,8.195900000000000000e+04,8.195900000000000000e+04,8.195900000000000000e+04,8.195900000000000000e+04,8.195900000000000000e+04,8.195900000000000000e+04,8.195900000000000000e+04,8.195900000000000000e+04,8.195900000000000000e+04,8.195900000000000000e+04,8.195900000000000000e+04,8.195900000000000000e+04,8.195900000000000000e+04,8.195900000000000000e+04,8.195900000000000000e+04,8.195900000000000000e+04,8.195900000000000000e+04,8.195900000000000000e+04,8.195900000000000000e+04,8.195900000000000000e+04,8.195900000000000000e+04,8.195900000000000000e+04,8.195900000000000000e+04,8.195900000000000000e+04,8.195900000000000000e+04,8.195900000000000000e+04,8.195900000000000000e+04,8.195900000000000000e+04,8.195900000000000000e+04,8.195900000000000000e+04,8.195900000000000000e+04,8.195900000000000000e+04,8.195900000000000000e+04,8.195900000000000000e+04
0.000000000000000000e+00,0.000000000000000000e+00,0.000000000000000000e+00,3.000000000000000000e+00,8.000000000000000000e+00,5.340000000000000000e+02,1.994500000000000000e+04,6.728000000000000000e+04,7.921500000000000000e+04,8.146100000000000000e+04,8.185100000000000000e+04,8.190500000000000000e+04,8.191100000000000000e+04,8.191200000000000000e+04,8.191200000000000000e+04,8.191200000000000000e+04,8.191200000000000000e+04,8.191200000000000000e+04,8.191200000000000000e+04,8.191200000000000000e+04,8.191200000000000000e+04,8.191200000000000000e+04,8.191200000000000000e+04,8.191200000000000000e+04,8.191200000000000000e+04,8.191200000000000000e+04,8.191200000000000000e+04,8.191200000000000000e+04,8.191200000000000000e+04,8.191200000000000000e+04,8.191200000000000000e+04,8.191200000000000000e+04,8.191200000000000000e+04,8.191200000000000000e+04,8.191200000000000000e+04,8.191200000000000000e+04,8.191200000000000000e+04,8.191200000000000000e+04,8.191200000000000000e+04,8.191200000000000000e+04,8.191200000000000000e+04,8.191200000000000000e+04,8.191200000000000000e+04,8.191200000000000000e+04,8.191200000000000000e+04,8.191200000000000000e+04,8.191200000000000000e+04,8.191200000000000000e+04,8.191200000000000000e+04,8.191200000000000000e+04,8.191200000000000000e+04,8.191200000000000000e+04,8.191200000000000000e+04,8.191200000000000000e+04,8.191200000000000000e+04,8.191200000000000000e+04,8.191200000000000000e+04,8.191200000000000000e+04,8.191200000000000000e+04,8.191200000000000000e+04,8.191200000000000000e+04,8.191200000000000000e+04,8.191200000000000000e+04,8.191200000000000000e+04,8.191200000000000000e+04,8.191200000000000000e+04,8.191200000000000000e+04,8.191200000000000000e+04,8.191200000000000000e+04,8.191200000000000000e+04,8.191200000000000000e+04,8.191200000000000000e+04,8.191200000000000000e+04,8.191200000000000000e+04,8.191200000000000000e+04,8.191200000000000000e+04,8.191200000000000000e+04,8.191200000000000000e+04,8.191200000000000000e+04,8.191200000000000000e+04,8.191200000000000000e+04,8.191200000000000000e+04,8.191200000000000000e+04,8.191200000000000000e+04,8.191200000000000000e+04,8.191200000000000000e+04,8.191200000000000000e+04,8.191200000000000000e+04,8.191200000000000000e+04,8.191200000000000000e+04,8.191200000000000000e+04,8.191200000000000000e+04,8.191200000000000000e+04,8.191200000000000000e+04,8.191200000000000000e+04,8.191200000000000000e+04,8.191200000000000000e+04,8.191200000000000000e+04,8.191200000000000000e+04,8.191200000000000000e+04,8.191200000000000000e+04
0.000000000000000000e+00,0.000000000000000000e+00,0.000000000000000000e+00,3.000000000000000000e+00,1.100000000000000000e+01,9.400000000000000000e+02,2.248700000000000000e+04,6.819900000000000000e+04,7.945000000000000000e+04,8.156600000000000000e+04,8.187500000000000000e+04,8.193000000000000000e+04,8.194000000000000000e+04,8.194200000000000000e+04,8.194200000000000000e+04,8.194200000000000000e+04,8.194200000000000000e+04,8.194200000000000000e+04,8.194200000000000000e+04,8.194200000000000000e+04,8.194200000000000000e+04,8.194200000000000000e+04,8.194200000000000000e+04,8.194200000000000000e+04,8.194200000000000000e+04,8.194200000000000000e+04,8.194200000000000000e+04,8.194200000000000000e+04,8.194200000000000000e+04,8.194200000000000000e+04,8.194200000000000000e+04,8.194200000000000000e+04,8.194200000000000000e+04,8.194200000000000000e+04,8.194200000000000000e+04,8.194200000000000000e+04,8.194200000000000000e+04,8.194200000000000000e+04,8.194200000000000000e+04,8.194200000000000000e+04,8.194200000000000000e+04,8.194200000000000000e+04,8.194200000000000000e+04,8.194200000000000000e+04,8.194200000000000000e+04,8.194200000000000000e+04,8.194200000000000000e+04,8.194200000000000000e+04,8.194200000000000000e+04,8.194200000000000000e+04,8.194200000000000000e+04,8.194200000000000000e+04,8.194200000000000000e+04,8.194200000000000000e+04,8.194200000000000000e+04,8.194200000000000000e+04,8.194200000000000000e+04,8.194200000000000000e+04,8.194200000000000000e+04,8.194200000000000000e+04,8.194200000000000000e+04,8.194200000000000000e+04,8.194200000000000000e+04,8.194200000000000000e+04,8.194200000000000000e+04,8.194200000000000000e+04,8.194200000000000000e+04,8.194200000000000000e+04,8.194200000000000000e+04,8.194200000000000000e+04,8.194200000000000000e+04,8.194200000000000000e+04,8.194200000000000000e+04,8.194200000000000000e+04,8.194200000000000000e+04,8.194200000000000000e+04,8.194200000000000000e+04,8.194200000000000000e+04,8.194200000000000000e+04,8.194200000000000000e+04,8.194200000000000000e+04,8.194200000000000000e+04,8.194200000000000000e+04,8.194200000000000000e+04,8.194200000000000000e+04,8.194200000000000000e+04,8.194200000000000000e+04,8.194200000000000000e+04,8.194200000000000000e+04,8.194200000000000000e+04,8.194200000000000000e+04,8.194200000000000000e+04,8.194200000000000000e+04,8.194200000000000000e+04,8.194200000000000000e+04,8.194200000000000000e+04,8.194200000000000000e+04,8.194200000000000000e+04,8.194200000000000000e+04,8.194200000000000000e+04,8.194200000000000000e+04
0.000000000000000000e+00,0.000000000000000000e+00,0.000000000000000000e+00,3.000000000000000000e+00,1.700000000000000000e+01,3.830000000000000000e+02,1.851200000000000000e+04,6.642400000000000000e+04,7.905700000000000000e+04,8.144700000000000000e+04,8.189500000000000000e+04,8.195500000000000000e+04,8.196600000000000000e+04,8.196700000000000000e+04,8.196700000000000000e+04,8.196700000000000000e+04,8.196700000000000000e+04,8.196700000000000000e+04,8.196700000000000000e+04,8.196700000000000000e+04,8.196700000000000000e+04,8.196700000000000000e+04,8.196700000000000000e+04,8.196700000000000000e+04,8.196700000000000000e+04,8.196700000000000000e+04,8.196700000000000000e+04,8.196700000000000000e+04,8.196700000000000000e+04,8.196700000000000000e+04,8.196700000000000000e+04,8.196700000000000000e+04,8.196700000000000000e+04,8.196700000000000000e+04,8.196700000000000000e+04,8.196700000000000000e+04,8.196700000000000000e+04,8.196700000000000000e+04,8.196700000000000000e+04,8.196700000000000000e+04,8.196700000000000000e+04,8.196700000000000000e+04,8.196700000000000000e+04,8.196700000000000000e+04,8.196700000000000000e+04,8.196700000000000000e+04,8.196700000000000000e+04,8.196700000000000000e+04,8.196700000000000000e+04,8.196700000000000000e+04,8.196700000000000000e+04,8.196700000000000000e+04,8.196700000000000000e+04,8.196700000000000000e+04,8.196700000000000000e+04,8.196700000000000000e+04,8.196700000000000000e+04,8.196700000000000000e+04,8.196700000000000000e+04,8.196700000000000000e+04,8.196700000000000000e+04,8.196700000000000000e+04,8.196700000000000000e+04,8.196700000000000000e+04,8.196700000000000000e+04,8.196700000000000000e+04,8.196700000000000000e+04,8.196700000000000000e+04,8.196700000000000000e+04,8.196700000000000000e+04,8.196700000000000000e+04,8.196700000000000000e+04,8.196700000000000000e+04,8.196700000000000000e+04,8.196700000000000000e+04,8.196700000000000000e+04,8.196700000000000000e+04,8.196700000000000000e+04,8.196700000000000000e+04,8.196700000000000000e+04,8.196700000000000000e+04,8.196700000000000000e+04,8.196700000000000000e+04,8.196700000000000000e+04,8.196700000000000000e+04,8.196700000000000000e+04,8.196700000000000000e+04,8.196700000000000000e+04,8.196700000000000000e+04,8.196700000000000000e+04,8.196700000000000000e+04,8.196700000000000000e+04,8.196700000000000000e+04,8.196700000000000000e+04,8.196700000000000000e+04,8.196700000000000000e+04,8.196700000000000000e+04,8.196700000000000000e+04,8.196700000000000000e+04,8.196700000000000000e+04,8.196700000000000000e+04
0.000000000000000000e+00,0.000000000000000000e+00,0.000000000000000000e+00,3.000000000000000000e+00,1.100000000000000000e+01,2.672000000000000000e+03,3.221500000000000000e+04,7.165500000000000000e+04,7.994800000000000000e+04,8.162000000000000000e+04,8.188900000000000000e+04,8.192200000000000000e+04,8.192500000000000000e+04,8.192700000000000000e+04,8.192700000000000000e+04,8.192700000000000000e+04,8.192700000000000000e+04,8.192700000000000000e+04,8.192700000000000000e+04,8.192700000000000000e+04,8.192700000000000000e+04,8.192700000000000000e+04,8.192700000000000000e+04,8.192700000000000000e+04,8.192700000000000000e+04,8.192700000000000000e+04,8.192700000000000000e+04,8.192700000000000000e+04,8.192700000000000000e+04,8.192700000000000000e+04,8.192700000000000000e+04,8.192700000000000000e+04,8.192700000000000000e+04,8.192700000000000000e+04,8.192700000000000000e+04,8.192700000000000000e+04,8.192700000000000000e+04,8.192700000000000000e+04,8.192700000000000000e+04,8.192700000000000000e+04,8.192700000000000000e+04,8.192700000000000000e+04,8.192700000000000000e+04,8.192700000000000000e+04,8.192700000000000000e+04,8.192700000000000000e+04,8.192700000000000000e+04,8.192700000000000000e+04,8.192700000000000000e+04,8.192700000000000000e+04,8.192700000000000000e+04,8.192700000000000000e+04,8.192700000000000000e+04,8.192700000000000000e+04,8.192700000000000000e+04,8.192700000000000000e+04,8.192700000000000000e+04,8.192700000000000000e+04,8.192700000000000000e+04,8.192700000000000000e+04,8.192700000000000000e+04,8.192700000000000000e+04,8.192700000000000000e+04,8.192700000000000000e+04,8.192700000000000000e+04,8.192700000000000000e+04,8.192700000000000000e+04,8.192700000000000000e+04,8.192700000000000000e+04,8.192700000000000000e+04,8.192700000000000000e+04,8.192700000000000000e+04,8.192700000000000000e+04,8.192700000000000000e+04,8.192700000000000000e+04,8.192700000000000000e+04,8.192700000000000000e+04,8.192700000000000000e+04,8.192700000000000000e+04,8.192700000000000000e+04,8.192700000000000000e+04,8.192700000000000000e+04,8.192700000000000000e+04,8.192700000000000000e+04,8.192700000000000000e+04,8.192700000000000000e+04,8.192700000000000000e+04,8.192700000000000000e+04,8.192700000000000000e+04,8.192700000000000000e+04,8.192700000000000000e+04,8.192700000000000000e+04,8.192700000000000000e+04,8.192700000000000000e+04,8.192700000000000000e+04,8.192700000000000000e+04,8.192700000000000000e+04,8.192700000000000000e+04,8.192700000000000000e+04,8.192700000000000000e+04,8.192700000000000000e+04
0.000000000000000000e+00,0.000000000000000000e+00,0.000000000000000000e+00,3.000000000000000000e+00,5.500000000000000000e+01,6.773000000000000000e+03,5.378000000000000000e+04,7.671900000000000000e+04,8.092400000000000000e+04,8.175300000000000000e+04,8.189600000000000000e+04,8.190900000000000000e+04,8.191100000000000000e+04,8.191200000000000000e+04,8.191200000000000000e+04,8.191200000000000000e+04,8.191200000000000000e+04,8.191200000000000000e+04,8.191200000000000000e+04,8.191200000000000000e+04,8.191200000000000000e+04,8.191200000000000000e+04,8.191200000000000000e+04,8.191200000000000000e+04,8.191200000000000000e+04,8.191200000000000000e+04,8.191200000000000000e+04,8.191200000000000000e+04,8.191200000000000000e+04,8.191200000000000000e+04,8.191200000000000000e+04,8.191200000000000000e+04,8.191200000000000000e+04,8.191200000000000000e+04,8.191200000000000000e+04,8.191200000000000000e+04,8.191200000000000000e+04,8.191200000000000000e+04,8.191200000000000000e+04,8.191200000000000000e+04,8.191200000000000000e+04,8.191200000000000000e+04,8.191200000000000000e+04,8.191200000000000000e+04,8.191200000000000000e+04,8.191200000000000000e+04,8.191200000000000000e+04,8.191200000000000000e+04,8.191200000000000000e+04,8.191200000000000000e+04,8.191200000000000000e+04,8.191200000000000000e+04,8.191200000000000000e+04,8.191200000000000000e+04,8.191200000000000000e+04,8.191200000000000000e+04,8.191200000000000000e+04,8.191200000000000000e+04,8.191200000000000000e+04,8.191200000000000000e+04,8.191200000000000000e+04,8.191200000000000000e+04,8.191200000000000000e+04,8.191200000000000000e+04,8.191200000000000000e+04,8.191200000000000000e+04,8.191200000000000000e+04,8.191200000000000000e+04,8.191200000000000000e+04,8.191200000000000000e+04,8.191200000000000000e+04,8.191200000000000000e+04,8.191200000000000000e+04,8.191200000000000000e+04,8.191200000000000000e+04,8.191200000000000000e+04,8.191200000000000000e+04,8.191200000000000000e+04,8.191200000000000000e+04,8.191200000000000000e+04,8.191200000000000000e+04,8.191200000000000000e+04,8.191200000000000000e+04,8.191200000000000000e+04,8.191200000000000000e+04,8.191200000000000000e+04,8.191200000000000000e+04,8.191200000000000000e+04,8.191200000000000000e+04,8.191200000000000000e+04,8.191200000000000000e+04,8.191200000000000000e+04,8.191200000000000000e+04,8.191200000000000000e+04,8.191200000000000000e+04,8.191200000000000000e+04,8.191200000000000000e+04,8.191200000000000000e+04,8.191200000000000000e+04,8.191200000000000000e+04,8.191200000000000000e+04
0.000000000000000000e+00,0.000000000000000000e+00,0.000000000000000000e+00,3.000000000000000000e+00,8.000000000000000000e+00,1.070000000000000000e+02,6.413000000000000000e+03,5.133500000000000000e+04,7.648800000000000000e+04,8.090800000000000000e+04,8.179900000000000000e+04,8.191400000000000000e+04,8.193200000000000000e+04,8.193800000000000000e+04,8.193800000000000000e+04,8.193800000000000000e+04,8.193800000000000000e+04,8.193800000000000000e+04,8.193800000000000000e+04,8.193800000000000000e+04,8.193800000000000000e+04,8.193800000000000000e+04,8.193800000000000000e+04,8.193800000000000000e+04,8.193800000000000000e+04,8.193800000000000000e+04,8.193800000000000000e+04,8.193800000000000000e+04,8.193800000000000000e+04,8.193800000000000000e+04,8.193800000000000000e+04,8.193800000000000000e+04,8.193800000000000000e+04,8.193800000000000000e+04,8.193800000000000000e+04,8.193800000000000000e+04,8.193800000000000000e+04,8.193800000000000000e+04,8.193800000000000000e+04,8.193800000000000000e+04,8.193800000000000000e+04,8.193800000000000000e+04,8.193800000000000000e+04,8.193800000000000000e+04,8.193800000000000000e+04,8.193800000000000000e+04,8.193800000000000000e+04,8.193800000000000000e+04,8.193800000000000000e+04,8.193800000000000000e+04,8.193800000000000000e+04,8.193800000000000000e+04,8.193800000000000000e+04,8.193800000000000000e+04,8.193800000000000000e+04,8.193800000000000000e+04,8.193800000000000000e+04,8.193800000000000000e+04,8.193800000000000000e+04,8.193800000000000000e+04,8.193800000000000000e+04,8.193800000000000000e+04,8.193800000000000000e+04,8.193800000000000000e+04,8.193800000000000000e+04,8.193800000000000000e+04,8.193800000000000000e+04,8.193800000000000000e+04,8.193800000000000000e+04,8.193800000000000000e+04,8.193800000000000000e+04,8.193800000000000000e+04,8.193800000000000000e+04,8.193800000000000000e+04,8.193800000000000000e+04,8.193800000000000000e+04,8.193800000000000000e+04,8.193800000000000000e+04,8.193800000000000000e+04,8.193800000000000000e+04,8.193800000000000000e+04,8.193800000000000000e+04,8.193800000000000000e+04,8.193800000000000000e+04,8.193800000000000000e+04,8.193800000000000000e+04,8.193800000000000000e+04,8.193800000000000000e+04,8.193800000000000000e+04,8.193800000000000000e+04,8.193800000000000000e+04,8.193800000000000000e+04,8.193800000000000000e+04,8.193800000000000000e+04,8.193800000000000000e+04,8.193800000000000000e+04,8.193800000000000000e+04,8.193800000000000000e+04,8.193800000000000000e+04,8.193800000000000000e+04,8.193800000000000000e+04
0.000000000000000000e+00,0.000000000000000000e+00,0.000000000000000000e+00,3.000000000000000000e+00,2.700000000000000000e+01,3.654000000000000000e+03,3.895500000000000000e+04,7.351400000000000000e+04,8.034600000000000000e+04,8.171000000000000000e+04,8.191700000000000000e+04,8.194800000000000000e+04,8.195500000000000000e+04,8.195500000000000000e+04,8.195500000000000000e+04,8.195500000000000000e+04,8.195500000000000000e+04,8.195500000000000000e+04,8.195500000000000000e+04,8.195500000000000000e+04,8.195500000000000000e+04,8.195500000000000000e+04,8.195500000000000000e+04,8.195500000000000000e+04,8.195500000000000000e+04,8.195500000000000000e+04,8.195500000000000000e+04,8.195500000000000000e+04,8.195500000000000000e+04,8.195500000000000000e+04,8.195500000000000000e+04,8.195500000000000000e+04,8.195500000000000000e+04,8.195500000000000000e+04,8.195500000000000000e+04,8.195500000000000000e+04,8.195500000000000000e+04,8.195500000000000000e+04,8.195500000000000000e+04,8.195500000000000000e+04,8.195500000000000000e+04,8.195500000000000000e+04,8.195500000000000000e+04,8.195500000000000000e+04,8.195500000000000000e+04,8.195500000000000000e+04,8.195500000000000000e+04,8.195500000000000000e+04,8.195500000000000000e+04,8.195500000000000000e+04,8.195500000000000000e+04,8.195500000000000000e+04,8.195500000000000000e+04,8.195500000000000000e+04,8.195500000000000000e+04,8.195500000000000000e+04,8.195500000000000000e+04,8.195500000000000000e+04,8.195500000000000000e+04,8.195500000000000000e+04,8.195500000000000000e+04,8.195500000000000000e+04,8.195500000000000000e+04,8.195500000000000000e+04,8.195500000000000000e+04,8.195500000000000000e+04,8.195500000000000000e+04,8.195500000000000000e+04,8.195500000000000000e+04,8.195500000000000000e+04,8.195500000000000000e+04,8.195500000000000000e+04,8.195500000000000000e+04,8.195500000000000000e+04,8.195500000000000000e+04,8.195500000000000000e+04,8.195500000000000000e+04,8.195500000000000000e+04,8.195500000000000000e+04,8.195500000000000000e+04,8.195500000000000000e+04,8.195500000000000000e+04,8.195500000000000000e+04,8.195500000000000000e+04,8.195500000000000000e+04,8.195500000000000000e+04,8.195500000000000000e+04,8.195500000000000000e+04,8.195500000000000000e+04,8.195500000000000000e+04,8.195500000000000000e+04,8.195500000000000000e+04,8.195500000000000000e+04,8.195500000000000000e+04,8.195500000000000000e+04,8.195500000000000000e+04,8.195500000000000000e+04,8.195500000000000000e+04,8.195500000000000000e+04,8.195500000000000000e+04,8.195500000000000000e+04
0.000000000000000000e+00,0.000000000000000000e+00,0.000000000000000000e+00,3.000000000000000000e+00,2.000000000000000000e+01,3.157000000000000000e+03,3.953800000000000000e+04,7.382700000000000000e+04,8.040900000000000000e+04,8.173700000000000000e+04,8.193200000000000000e+04,8.195900000000000000e+04,8.196500000000000000e+04,8.196500000000000000e+04,8.196500000000000000e+04,8.196500000000000000e+04,8.196500000000000000e+04,8.196500000000000000e+04,8.196500000000000000e+04,8.196500000000000000e+04,8.196500000000000000e+04,8.196500000000000000e+04,8.196500000000000000e+04,8.196500000000000000e+04,8.196500000000000000e+04,8.196500000000000000e+04,8.196500000000000000e+04,8.196500000000000000e+04,8.196500000000000000e+04,8.196500000000000000e+04,8.196500000000000000e+04,8.196500000000000000e+04,8.196500000000000000e+04,8.196500000000000000e+04,8.196500000000000000e+04,8.196500000000000000e+04,8.196500000000000000e+04,8.196500000000000000e+04,8.196500000000000000e+04,8.196500000000000000e+04,8.196500000000000000e+04,8.196500000000000000e+04,8.196500000000000000e+04,8.196500000000000000e+04,8.196500000000000000e+04,8.196500000000000000e+04,8.196500000000000000e+04,8.196500000000000000e+04,8.196500000000000000e+04,8.196500000000000000e+04,8.196500000000000000e+04,8.196500000000000000e+04,8.196500000000000000e+04,8.196500000000000000e+04,8.196500000000000000e+04,8.196500000000000000e+04,8.196500000000000000e+04,8.196500000000000000e+04,8.196500000000000000e+04,8.196500000000000000e+04,8.196500000000000000e+04,8.196500000000000000e+04,8.196500000000000000e+04,8.196500000000000000e+04,8.196500000000000000e+04,8.196500000000000000e+04,8.196500000000000000e+04,8.196500000000000000e+04,8.196500000000000000e+04,8.196500000000000000e+04,8.196500000000000000e+04,8.196500000000000000e+04,8.196500000000000000e+04,8.196500000000000000e+04,8.196500000000000000e+04,8.196500000000000000e+04,8.196500000000000000e+04,8.196500000000000000e+04,8.196500000000000000e+04,8.196500000000000000e+04,8.196500000000000000e+04,8.196500000000000000e+04,8.196500000000000000e+04,8.196500000000000000e+04,8.196500000000000000e+04,8.196500000000000000e+04,8.196500000000000000e+04,8.196500000000000000e+04,8.196500000000000000e+04,8.196500000000000000e+04,8.196500000000000000e+04,8.196500000000000000e+04,8.196500000000000000e+04,8.196500000000000000e+04,8.196500000000000000e+04,8.196500000000000000e+04,8.196500000000000000e+04,8.196500000000000000e+04,8.196500000000000000e+04,8.196500000000000000e+04,8.196500000000000000e+04
0.000000000000000000e+00,0.000000000000000000e+00,0.000000000000000000e+00,3.000000000000000000e+00,1.000000000000000000e+01,2.823000000000000000e+03,3.341200000000000000e+04,7.191500000000000000e+04,8.003500000000000000e+04,8.163300000000000000e+04,8.190000000000000000e+04,8.193600000000000000e+04,8.194200000000000000e+04,8.194200000000000000e+04,8.194200000000000000e+04,8.194200000000000000e+04,8.194200000000000000e+04,8.194200000000000000e+04,8.194200000000000000e+04,8.194200000000000000e+04,8.194200000000000000e+04,8.194200000000000000e+04,8.194200000000000000e+04,8.194200000000000000e+04,8.194200000000000000e+04,8.194200000000000000e+04,8.194200000000000000e+04,8.194200000000000000e+04,8.194200000000000000e+04,8.194200000000000000e+04,8.194200000000000000e+04,8.194200000000000000e+04,8.194200000000000000e+04,8.194200000000000000e+04,8.194200000000000000e+04,8.194200000000000000e+04,8.194200000000000000e+04,8.194200000000000000e+04,8.194200000000000000e+04,8.194200000000000000e+04,8.194200000000000000e+04,8.194200000000000000e+04,8.194200000000000000e+04,8.194200000000000000e+04,8.194200000000000000e+04,8.194200000000000000e+04,8.194200000000000000e+04,8.194200000000000000e+04,8.194200000000000000e+04,8.194200000000000000e+04,8.194200000000000000e+04,8.194200000000000000e+04,8.194200000000000000e+04,8.194200000000000000e+04,8.194200000000000000e+04,8.194200000000000000e+04,8.194200000000000000e+04,8.194200000000000000e+04,8.194200000000000000e+04,8.194200000000000000e+04,8.194200000000000000e+04,8.194200000000000000e+04,8.194200000000000000e+04,8.194200000000000000e+04,8.194200000000000000e+04,8.194200000000000000e+04,8.194200000000000000e+04,8.194200000000000000e+04,8.194200000000000000e+04,8.194200000000000000e+04,8.194200000000000000e+04,8.194200000000000000e+04,8.194200000000000000e+04,8.194200000000000000e+04,8.194200000000000000e+04,8.194200000000000000e+04,8.194200000000000000e+04,8.194200000000000000e+04,8.194200000000000000e+04,8.194200000000000000e+04,8.194200000000000000e+04,8.194200000000000000e+04,8.194200000000000000e+04,8.194200000000000000e+04,8.194200000000000000e+04,8.194200000000000000e+04,8.194200000000000000e+04,8.194200000000000000e+04,8.194200000000000000e+04,8.194200000000000000e+04,8.194200000000000000e+04,8.194200000000000000e+04,8.194200000000000000e+04,8.194200000000000000e+04,8.194200000000000000e+04,8.194200000000000000e+04,8.194200000000000000e+04,8.194200000000000000e+04,8.194200000000000000e+04,8.194200000000000000e+04,8.194200000000000000e+04
0.000000000000000000e+00,0.000000000000000000e+00,0.000000000000000000e+00,3.000000000000000000e+00,1.400000000000000000e+01,7.330000000000000000e+02,2.519500000000000000e+04,6.963800000000000000e+04,7.954200000000000000e+04,8.158700000000000000e+04,8.189500000000000000e+04,8.193400000000000000e+04,8.194100000000000000e+04,8.194100000000000000e+04,8.194100000000000000e+04,8.194100000000000000e+04,8.194100000000000000e+04,8.194100000000000000e+04,8.194100000000000000e+04,8.194100000000000000e+04,8.194100000000000000e+04,8.194100000000000000e+04,8.194100000000000000e+04,8.194100000000000000e+04,8.194100000000000000e+04,8.194100000000000000e+04,8.194100000000000000e+04,8.194100000000000000e+04,8.194100000000000000e+04,8.194100000000000000e+04,8.194100000000000000e+04,8.194100000000000000e+04,8.194100000000000000e+04,8.194100000000000000e+04,8.194100000000000000e+04,8.194100000000000000e+04,8.194100000000000000e+04,8.194100000000000000e+04,8.194100000000000000e+04,8.194100000000000000e+04,8.194100000000000000e+04,8.194100000000000000e+04,8.194100000000000000e+04,8.194100000000000000e+04,8.194100000000000000e+04,8.194100000000000000e+04,8.194100000000000000e+04,8.194100000000000000e+04,8.194100000000000000e+04,8.194100000000000000e+04,8.194100000000000000e+04,8.194100000000000000e+04,8.194100000000000000e+04,8.194100000000000000e+04,8.194100000000000000e+04,8.194100000000000000e+04,8.194100000000000000e+04,8.194100000000000000e+04,8.194100000000000000e+04,8.194100000000000000e+04,8.194100000000000000e+04,8.194100000000000000e+04,8.194100000000000000e+04,8.194100000000000000e+04,8.194100000000000000e+04,8.194100000000000000e+04,8.194100000000000000e+04,8.194100000000000000e+04,8.194100000000000000e+04,8.194100000000000000e+04,8.194100000000000000e+04,8.194100000000000000e+04,8.194100000000000000e+04,8.194100000000000000e+04,8.194100000000000000e+04,8.194100000000000000e+04,8.194100000000000000e+04,8.194100000000000000e+04,8.194100000000000000e+04,8.194100000000000000e+04,8.194100000000000000e+04,8.194100000000000000e+04,8.194100000000000000e+04,8.194100000000000000e+04,8.194100000000000000e+04,8.194100000000000000e+04,8.194100000000000000e+04,8.194100000000000000e+04,8.194100000000000000e+04,8.194100000000000000e+04,8.194100000000000000e+04,8.194100000000000000e+04,8.194100000000000000e+04,8.194100000000000000e+04,8.194100000000000000e+04,8.194100000000000000e+04,8.194100000000000000e+04,8.194100000000000000e+04,8.194100000000000000e+04,8.194100000000000000e+04,8.194100000000000000e+04
0.000000000000000000e+00,0.000000000000000000e+00,0.000000000000000000e+00,3.000000000000000000e+00,6.000000000000000000e+00,4.100000000000000000e+01,4.317000000000000000e+03,4.499000000000000000e+04,7.509600000000000000e+04,8.068700000000000000e+04,8.176800000000000000e+04,8.192000000000000000e+04,8.194000000000000000e+04,8.194300000000000000e+04,8.194500000000000000e+04,8.194500000000000000e+04,8.194500000000000000e+04,8.194500000000000000e+04,8.194500000000000000e+04,8.194500000000000000e+04,8.194500000000000000e+04,8.194500000000000000e+04,8.194500000000000000e+04,8.194500000000000000e+04,8.194500000000000000e+04,8.194500000000000000e+04,8.194500000000000000e+04,8.194500000000000000e+04,8.194500000000000000e+04,8.194500000000000000e+04,8.194500000000000000e+04,8.194500000000000000e+04,8.194500000000000000e+04,8.194500000000000000e+04,8.194500000000000000e+04,8.194500000000000000e+04,8.194500000000000000e+04,8.194500000000000000e+04,8.194500000000000000e+04,8.194500000000000000e+04,8.194500000000000000e+04,8.194500000000000000e+04,8.194500000000000000e+04,8.194500000000000000e+04,8.194500000000000000e+04,8.194500000000000000e+04,8.194500000000000000e+04,8.194500000000000000e+04,8.194500000000000000e+04,8.194500000000000000e+04,8.194500000000000000e+04,8.194500000000000000e+04,8.194500000000000000e+04,8.194500000000000000e+04,8.194500000000000000e+04,8.194500000000000000e+04,8.194500000000000000e+04,8.194500000000000000e+04,8.194500000000000000e+04,8.194500000000000000e+04,8.194500000000000000e+04,8.194500000000000000e+04,8.194500000000000000e+04,8.194500000000000000e+04,8.194500000000000000e+04,8.194500000000000000e+04,8.194500000000000000e+04,8.194500000000000000e+04,8.194500000000000000e+04,8.194500000000000000e+04,8.194500000000000000e+04,8.194500000000000000e+04,8.194500000000000000e+04,8.194500000000000000e+04,8.194500000000000000e+04,8.194500000000000000e+04,8.194500000000000000e+04,8.194500000000000000e+04,8.194500000000000000e+04,8.194500000000000000e+04,8.194500000000000000e+04,8.194500000000000000e+04,8.194500000000000000e+04,8.194500000000000000e+04,8.194500000000000000e+04,8.194500000000000000e+04,8.194500000000000000e+04,8.194500000000000000e+04,8.194500000000000000e+04,8.194500000000000000e+04,8.194500000000000000e+04,8.194500000000000000e+04,8.194500000000000000e+04,8.194500000000000000e+04,8.194500000000000000e+04,8.194500000000000000e+04,8.194500000000000000e+04,8.194500000000000000e+04,8.194500000000000000e+04,8.194500000000000000e+04,8.194500000000000000e+04
